# COMPILED BY   : Rafal Weron
# DATE          : 2006.09.23 
# FILENAME      : CA_daily.dat 
#
# FORMAT        : DATE (in YYYYMMDD format) 
#                 PRICE: average daily price in CalPX for unconstrained system 
#                   SOURCE: UCEI database (PPXSYS, column U)
#                 ACT LOAD: average daily actual system-wide load 
#                   SOURCE: CAISO or UCEI database (QASYS, column AE)
#                     [CAISO definition: Instantaneous Demand, in MW, by IOU 
#                     (including Municipal and Direct Access loads within the IOU 
#                     service area) as measured at the top of each hour by the EMS]
#                 FORECASTED LOAD: average daily day-ahead forecasted hourly load 
#                   SOURCE: CAISO OASIS
#                     [CAISO definition: Forecasted hourly Demand, in MW, by IOU 
#                     (including Municipal and Direct Access loads within the IOU 
#                     service area) as used in the Day-Ahead Market]
#                 MAX AIR TEMP: Maximum air temperature, in Celsius, from Pomona, CA
#                   SOURCE: UC Integrated Pest Management Program
#
DATE        PRICE       LOAD        FLOAD       TEMP	
19980401	18.832550	24264.208	23118.292	12.2	
19980402	22.563304	24162.458	24249.458	17.2	
19980403	23.567692	24070.333	22691.792	16.7	
19980404	20.480242	21390.833	20529.000	13.3	
19980405	19.904458	20137.104	19140.208	17.8
19980406	23.224750	23506.875	22297.083	17.2
19980407	21.866500	23749.458	23758.958	17.8
19980408	22.172438	23739.333	23997.375	20
19980409	22.495946	23649.042	24553.750	22.2
19980410	22.808687	22682.000	23558.083	22.8
19980411	17.542533	21007.333	21723.917	16.1
19980412	22.574592	19507.250	19747.458	17.8
19980413	24.387688	23542.792	22942.458	13.9
19980414	24.074075	23712.625	23240.542	15.6
19980415	24.195475	23586.792	23636.583	17.2
19980416	24.284842	23776.458	24601.833	20
19980417	26.684646	23401.708	23565.375	24.4
19980418	25.464029	21033.667	21940.583	26.7
19980419	24.348342	20373.333	19756.583	28.3
19980420	27.969312	24470.750	23399.000	31.7
19980421	25.760446	25485.792	26225.667	33.9
19980422	24.087825	25112.167	25931.458	25
19980423	23.637942	24007.083	24541.875	20
19980424	22.895737	23558.375	24315.917	19.4
19980425	12.672633	21066.542	22439.083	20.6
19980426	15.581900	20415.708	20921.417	25.6
19980427	25.862650	24796.667	25169.417	29.4
19980428	24.856654	25270.500	25555.833	30.6
19980429	22.271267	25611.417	25622.833	28.9
19980430	21.729992	24853.750	26102.292	23.3
19980501	18.735904	24344.708	24373.458	22.2
19980502	9.803104	21918.333	22282.042	23.3
19980503	5.540329	20927.458	20554.292	22.8
19980504	15.976288	24424.417	24636.375	21.1
19980505	17.769200	24270.542	25298.292	18.9
19980506	14.762800	24243.875	24334.417	21.7
19980507	15.086467	24180.833	24352.208	20.6
19980508	16.012067	23685.000	23779.458	17.8
19980509	11.563842	21064.292	21817.583	20
19980510	7.999317	19924.667	19615.250	20.6
19980511	14.144738	23755.583	23341.750	18.3
19980512	12.876067	24216.458	22971.958	15
19980513	12.915042	23930.333	24355.167	14.4
19980514	12.365483	23827.042	24389.375	18.3
19980515	9.904604	23576.542	23944.708	22.8
19980516	4.285742	21108.000	21364.000	21.7
19980517	4.053058	20559.792	20280.042	25
19980518	13.758854	24161.625	21948.250	27.2
19980519	14.157600	23246.792	25226.042	25.6
19980520	23.487512	24235.542	24322.833	22.2
19980521	18.203396	24384.750	24139.958	21.7
19980522	16.201979	24155.333	24234.000	22.8
19980523	8.015117	21303.625	20633.792	21.1
19980524	6.365479	20237.667	19578.125	22.2
19980525	3.164954	20672.583	20195.083	18.9
19980526	11.698621	23718.333	24275.250	19.4
19980527	11.579621	24235.542	24091.333	22.8
19980528	11.362871	24636.958	24141.417	24.4
19980529	8.532542	24056.625	24118.042	21.7
19980530	6.657925	21692.708	21952.208	23.9
19980531	4.090021	21063.667	21315.208	25.6
19980601	14.235971	24673.125	24880.958	27.2
19980602	13.356358	24516.458	25343.833	24.4
19980603	10.297896	24321.333	24399.333	21.7
19980604	8.037304	24528.917	24803.500	21.1
19980605	6.901025	24716.583	24017.542	25.6
19980606	5.979229	22063.833	21901.458	21.1
19980607	5.055183	20752.417	20519.292	17.8
19980608	8.351113	24514.958	24611.833	21.1
19980609	6.677113	24937.417	23926.000	22.8
19980610	6.403392	24737.167	24574.417	20.6
19980611	6.997008	24495.125	25176.833	20.6
19980612	7.180475	24141.208	24333.292	20
19980613	3.812154	22059.792	22407.833	25.6
19980614	9.816729	22167.833	21716.792	28.3
19980615	13.701113	27314.792	26714.625	27.2
19980616	18.027658	26178.417	26698.875	17.8
19980617	20.074000	26687.500	24709.875	27.2
19980618	19.019517	27167.917	28288.250	29.4
19980619	16.667571	26461.167	26306.417	28.9
19980620	14.143275	23187.958	23830.792	26.7
19980621	11.611892	21771.750	22377.750	28.9
19980622	15.537971	25760.750	26199.583	27.8
19980623	15.017442	25818.750	26794.500	26.7
19980624	14.600063	25946.000	26400.542	27.2
19980625	15.537404	26249.250	25159.000	27.8
19980626	14.523475	26425.958	25939.208	27.8
19980627	12.144567	25094.583	24547.167	30
19980628	11.024825	23857.167	23626.792	31.1
19980629	15.322513	27546.417	27916.083	31.1
19980630	22.678304	27477.750	27295.417	30
19980701	20.737771	27316.042	27123.292	30
19980702	19.897150	26325.292	27448.708	27.2
19980703	7.858392	24120.167	23273.250	24.4
19980704	7.098500	22663.167	22415.750	27.2
19980705	11.526842	23330.292	23979.292	30
19980706	22.399100	29123.083	28553.667	33.9
19980707	25.989829	30877.750	29261.417	31.7
19980708	35.384121	30152.708	30583.792	31.7
19980709	29.991738	29375.917	29903.750	32.2
19980710	32.078246	28645.833	28840.542	33.3
19980711	37.551967	26272.708	25952.292	32.8
19980712	35.016454	25940.542	26075.917	33.9
19980713	40.328308	29651.500	31020.833	31.1
19980714	35.325575	30355.750	30006.958	32.2
19980715	32.667717	32152.167	32139.667	35
19980716	38.336146	33898.125	33143.292	39.4
19980717	44.939808	33726.958	33422.708	37.2
19980718	40.506550	31273.917	30275.792	36.1
19980719	29.688896	29157.042	30583.375	31.1
19980720	54.191175	31312.333	32532.333	31.7
19980721	41.099800	30415.083	31974.375	31.1
19980722	30.321271	29439.208	31642.625	28.9
19980723	23.663658	29359.167	29950.583	28.9
19980724	25.879671	28908.250	28997.208	29.4
19980725	24.645129	28145.292	27051.667	33.9
19980726	27.316450	28649.333	28334.083	37.8
19980727	49.955554	32793.958	33352.625	37.8
19980728	61.752817	32571.458	32778.083	37.2
19980729	48.863308	30297.125	32242.750	30.6
19980730	37.467613	28184.875	30030.292	29.4
19980731	32.409025	28336.500	29223.708	30.6
19980801	28.117875	27721.833	27657.583	33.9
19980802	28.859171	28779.125	28755.542	36.7
19980803	72.583604	34076.292	34244.833	37.2
19980804	46.097375	35075.500	35868.417	36.1
19980805	56.758658	34416.292	34366.417	33.9
19980806	57.351842	33037.667	33643.500	32.2
19980807	34.491813	31120.833	31264.583	33.9
19980808	27.165667	28123.583	28014.000	37.2
19980809	21.506392	27635.458	28150.208	37.2
19980810	40.258900	32515.042	32567.208	31.7
19980811	61.212150	33391.083	32655.833	35.6
19980812	49.937892	34871.000	33591.458	36.7
19980813	63.585621	34730.542	35461.333	36.1
19980814	64.488283	33466.792	33659.333	36.1
19980815	32.419154	29321.333	29305.000	30.6
19980816	28.168763	26734.917	26448.458	31.1
19980817	30.582967	28828.583	31302.292	28.9
19980818	29.742454	28279.167	29199.333	30.6
19980819	26.341271	28113.333	28549.292	30.6
19980820	25.991033	27990.208	28859.583	32.8
19980821	27.745700	29129.000	29633.417	36.1
19980822	26.193521	27845.250	28378.083	37.2
19980823	25.458904	27663.542	27330.875	38.3
19980824	32.202875	31235.583	30556.667	32.8
19980825	39.779937	29801.917	31898.417	31.7
19980826	40.361521	29645.167	31235.583	32.8
19980827	31.791604	30649.375	31392.083	33.9
19980828	39.070171	31596.042	31910.792	36.1
19980829	34.030233	30885.792	29679.625	40
19980830	34.599938	30633.708	30997.167	40
19980831	68.390083	34106.000	34312.792	38.9
19980901	75.279954	34927.792	34749.917	40
19980902	88.202942	34434.333	35544.333	37.2
19980903	85.935896	34895.042	34950.958	37.8
19980904	62.101429	31490.708	32836.000	26.1
19980905	41.790550	27803.083	29244.917	26.1
19980906	26.710892	27601.792	26568.042	29.4
19980907	25.584608	28506.625	28590.750	29.4
19980908	36.702979	30592.375	31005.083	30
19980909	29.602375	28196.208	29597.417	28.3
19980910	30.222350	28076.125	29475.083	29.4
19980911	27.581358	28375.833	28381.542	29.4
19980912	25.453808	26494.250	26269.417	30.6
19980913	26.461208	25952.792	26708.125	30
19980914	29.176933	29658.250	30265.292	30
19980915	27.538529	28986.458	28907.083	30
19980916	27.045388	28895.792	27923.833	30.6
19980917	24.760558	28276.042	27881.417	30.6
19980918	24.329258	27226.875	27735.375	29.4
19980919	25.350383	24450.250	24767.917	27.2
19980920	27.680129	22729.583	23581.042	22.2
19980921	28.866658	26026.583	27161.083	21.1
19980922	27.125771	26244.042	25856.667	23.3
19980923	25.596975	25842.375	26252.042	23.9
19980924	25.749883	25562.000	26576.000	22.8
19980925	24.374629	25197.000	26800.167	22.2
19980926	24.265429	22297.917	23228.833	21.7
19980927	23.056783	21411.750	21501.000	22.2
19980928	25.609292	24970.583	25585.250	24.4
19980929	24.624458	25214.417	26402.833	22.8
19980930	23.463004	25439.333	26398.000	23.9
19981001	24.017138	25530.958	26659.000	25
19981002	21.756829	24896.417	25004.375	18.9
19981003	21.588483	22048.750	22460.458	23.3
19981004	18.300258	21274.833	21392.625	24.4
19981005	22.661646	25319.917	24840.583	30.6
19981006	23.860863	25968.500	25984.000	33.3
19981007	24.321358	25799.083	25718.958	30.6
19981008	25.265608	25700.792	25250.583	28.9
19981009	25.551825	24981.833	25220.458	27.2
19981010	22.797467	22202.208	22925.042	25
19981011	21.310900	21422.458	21765.917	27.2
19981012	22.962871	24944.917	25084.833	27.8
19981013	22.578950	25340.083	25486.000	25
19981014	27.445467	24977.250	24918.958	21.1
19981015	28.700867	24909.917	24935.042	21.1
19981016	28.121121	24718.125	25346.583	23.9
19981017	25.488117	22286.667	22222.167	27.2
19981018	26.596979	21334.667	21484.167	28.9
19981019	30.316600	25081.750	24951.208	28.3
19981020	36.952508	25188.417	25557.500	28.9
19981021	35.975075	25612.167	25674.708	25.6
19981022	36.171362	25657.458	25413.500	30
19981023	31.810842	25293.375	25638.583	31.1
19981024	26.740379	22805.375	22020.750	27.2
19981025	25.332037	21350.375	21275.542	22.2
19981026	32.500546	24679.583	24064.708	22.2
19981027	30.044158	24851.708	25092.208	22.2
19981028	29.098617	24965.917	24877.875	24.4
19981029	31.580542	24911.583	24791.708	20.6
19981030	26.073179	24704.917	23997.500	21.7
19981031	20.215621	22084.333	22418.458	23.3
19981101	22.024312	21205.625	21198.000	22.8
19981102	28.928104	24740.542	24676.083	21.1
19981103	29.495850	24917.583	24601.875	25.6
19981104	28.572433	25094.500	24856.875	25.6
19981105	26.169221	24864.458	25089.625	20.6
19981106	27.967096	24489.333	24561.708	20
19981107	24.609667	21905.458	22044.167	19.4
19981108	25.918083	21193.500	21364.500	17.2
19981109	28.050000	24276.542	24426.292	18.9
19981110	26.422954	24859.708	24479.583	20.6
19981111	28.947213	24625.083	23969.458	16.1
19981112	30.033383	24864.042	24854.042	22.2
19981113	31.451792	24428.375	25124.000	25
19981114	29.595908	22118.500	21916.750	26.1
19981115	24.721142	21240.958	21371.417	23.3
19981116	28.438812	24516.542	24725.458	23.3
19981117	29.001642	24492.917	25189.167	18.9
19981118	28.816404	24815.375	24821.333	20
19981119	28.032512	25012.208	24831.083	23.9
19981120	27.247079	24709.125	24520.583	25
19981121	24.684496	22252.875	22146.125	25.6
19981122	24.386858	21264.708	21270.917	23.9
19981123	26.261900	24774.125	24527.917	21.7
19981124	28.912496	24837.250	24829.083	20
19981125	25.615421	24609.583	24249.792	23.3
19981126	10.327329	20377.333	20202.708	27.2
19981127	16.472658	21426.500	21308.208	18.3
19981128	15.205450	21237.208	21589.375	14.4
19981129	18.585817	21301.333	21380.958	16.7
19981130	27.409087	24491.917	24341.667	21.1
19981201	26.724213	24975.917	24686.667	15.6
19981202	26.728000	25044.667	25025.792	16.1
19981203	23.250575	25136.875	25153.333	15
19981204	23.195937	25224.667	24781.458	15.6
19981205	23.753913	23316.375	21854.750	15.6
19981206	21.824658	22502.125	23072.375	12.8
19981207	26.446079	26400.667	25509.417	16.7
19981208	25.993304	25890.542	26304.625	18.9
19981209	26.027442	26001.958	26153.625	20
19981210	26.287217	25980.125	25913.708	20.6
19981211	24.818621	25765.375	25921.500	21.7
19981212	21.544946	23322.792	22847.667	27.8
19981213	22.521075	22295.750	22813.208	27.2
19981214	23.416475	25289.917	25778.208	17.8
19981215	21.849529	25630.250	25936.000	27.2
19981216	24.101229	25634.833	25541.125	28.9
19981217	24.990933	25480.167	25599.458	28.9
19981218	27.163308	25072.250	25617.375	16.7
19981219	25.133821	23146.750	23392.833	15
19981220	31.766446	23063.500	22703.250	13.3
19981221	47.195217	27038.875	26484.500	11.1
19981222	91.336250	27306.000	27114.083	13.9
19981223	66.501567	27085.458	27245.000	14.4
19981224	32.687321	24699.542	23801.500	20.6
19981225	29.212442	21575.750	21857.417	23.9
19981226	21.422587	22084.583	22396.250	21.7
19981227	23.933671	21846.625	21491.042	23.9
19981228	26.514742	24469.917	24543.667	25.6
19981229	26.786133	24658.917	24741.125	26.7
19981230	21.995842	24550.000	24724.792	28.3
19981231	18.036704	22982.417	23605.417	14.4
19990101	12.803196	20701.167	20520.000	22.8
19990102	16.331083	21619.833	21789.333	26.1
19990103	18.466325	21502.250	21544.208	24.4
19990104	25.298258	24992.625	24883.167	26.1
19990105	24.785287	25574.042	25266.708	27.2
19990106	25.589471	25611.958	25097.250	25
19990107	25.833887	25837.542	25313.958	18.3
19990108	25.432513	25293.375	24925.292	22.2
19990109	23.267988	23005.250	22240.750	24.4
19990110	22.113892	22241.792	22465.958	26.1
19990111	26.394750	25295.000	24987.083	22.8
19990112	24.543000	25371.542	25718.875	17.8
19990113	25.160988	25349.167	25692.833	19.4
19990114	24.202125	25562.125	25564.083	27.2
19990115	23.204137	24774.167	25367.500	23.3
19990116	22.151933	22103.625	22053.208	17.8
19990117	21.273587	21116.958	21565.333	17.8
19990118	24.077683	24261.417	24181.542	16.1
19990119	21.897808	24801.208	24704.000	14.4
19990120	20.071546	24648.958	24981.250	20
19990121	18.943867	24555.458	24939.667	17.8
19990122	17.457729	24559.875	24242.208	21.7
19990123	13.769646	22371.000	22229.417	20.6
19990124	15.763817	21876.208	22144.875	15.6
19990125	20.249008	25125.542	25458.875	12.2
19990126	20.261721	25720.375	25717.417	11.1
19990127	19.676829	25540.750	25622.333	15.6
19990128	19.329950	25527.875	26002.792	18.3
19990129	18.871787	25063.250	25033.208	21.7
19990130	16.250850	22682.542	22529.125	21.1
19990131	16.207979	21726.833	21439.125	15
19990201	19.655937	25105.000	24868.417	17.2
19990202	19.571567	25312.333	25083.458	22.2
19990203	19.789754	25122.458	25343.833	22.8
19990204	20.602471	25390.875	25110.125	12.2
19990205	20.110217	25193.833	24688.833	13.3
19990206	17.080417	22639.500	22565.000	16.1
19990207	14.480638	22022.667	21872.167	16.1
19990208	19.823388	24954.417	24957.500	15.6
19990209	20.502363	25603.958	25291.208	13.3
19990210	22.345500	25941.208	25005.375	14.4
19990211	21.866692	25713.542	25764.083	17.2
19990212	20.877621	25163.833	25211.250	24.4
19990213	18.207658	22317.292	22402.792	23.3
19990214	17.957267	20960.958	21222.000	18.9
19990215	19.617708	23609.917	23489.583	16.7
19990216	19.457296	24983.125	25378.458	16.1
19990217	19.207288	24737.500	24744.125	19.4
19990218	18.539792	25184.000	24733.333	14.4
19990219	18.523354	24801.458	24684.250	17.8
19990220	17.022263	22937.625	22862.833	25.6
19990221	16.352671	21539.458	22176.458	18.9
19990222	19.787117	24881.167	24913.542	23.3
19990223	20.165463	24987.542	25709.958	26.7
19990224	20.974983	25169.167	24799.292	27.2
19990225	19.969229	25054.500	24979.292	18.9
19990226	18.387021	24977.875	24794.667	18.3
19990227	16.474325	22298.083	22718.042	22.2
19990228	15.523442	21524.375	21531.792	26.7
19990301	18.624008	24709.208	24604.917	23.9
19990302	18.769287	25074.375	24958.625	25
19990303	18.967354	25001.958	25079.458	19.4
19990304	18.617621	25306.458	25090.750	13.9
19990305	17.013133	25171.417	25118.208	17.8
19990306	14.305858	22921.875	22681.417	15
19990307	15.485521	22126.542	22143.708	15.6
19990308	18.597433	25689.833	24792.000	17.2
19990309	17.934225	25674.167	25462.750	14.4
19990310	18.582442	25877.042	26183.167	15
19990311	19.219646	25769.125	26037.625	13.3
19990312	20.228154	25489.833	25427.458	20
19990313	19.145025	22894.125	22583.542	23.9
19990314	18.850833	22674.333	22297.458	20
19990315	19.119917	25677.083	25401.542	11.7
19990316	19.300017	25598.583	25678.208	15
19990317	20.790267	25570.250	25417.417	15.6
19990318	20.752213	25568.417	25435.792	20
19990319	20.244658	25489.667	25062.042	21.7
19990320	17.830263	23007.625	22983.042	16.1
19990321	15.769896	21418.458	21885.750	18.9
19990322	18.727442	24897.750	24902.333	20
19990323	20.115433	24816.417	25265.292	17.8
19990324	19.003875	25235.833	25181.500	20
19990325	18.265296	25166.542	25458.208	13.3
19990326	18.507667	24347.500	24918.875	18.9
19990327	18.699371	21967.708	22397.833	17.2
19990328	16.245217	21070.042	21070.083	21.7
19990329	22.010887	24638.958	24642.208	25.6
19990330	21.197321	24744.292	25302.542	18.3
19990331	22.703354	24933.083	24971.042	15.6
19990401	20.653208	25214.208	25128.292	13.3
19990402	19.515513	23971.083	24601.333	16.1
19990403	19.085892	22112.458	21797.250	15
19990404	16.407306	20606.042	20231.625	17.2
19990405	25.566742	25045.792	24236.583	17.8
19990406	25.392167	25278.208	25446.208	10.6
19990407	24.659067	25286.583	25074.708	13.3
19990408	24.466404	25029.167	25730.167	14.4
19990409	27.238067	24793.667	25051.500	16.1
19990410	26.033108	22740.833	22811.542	21.1
19990411	23.063233	22060.500	21331.042	13.3
19990412	25.134937	24602.042	24047.667	13.3
19990413	24.364508	24744.000	25266.208	18.3
19990414	25.844042	24993.292	26022.125	27.8
19990415	26.450221	25509.250	25282.750	32.2
19990416	25.879917	25744.542	25255.750	31.7
19990417	23.792787	23069.458	23208.958	33.3
19990418	23.408542	21975.583	22072.292	32.2
19990419	33.045717	25743.625	24595.667	31.7
19990420	29.528975	25380.458	24887.167	25.6
19990421	30.527950	24813.542	25180.417	18.3
19990422	25.067187	24749.000	25976.958	15.6
19990423	22.722408	24723.625	24472.750	18.3
19990424	18.248029	22186.958	22076.708	14.4
19990425	17.689529	21005.417	21031.583	20.6
19990426	23.830596	24689.792	24303.333	22.8
19990427	23.777192	24871.667	24886.875	22.8
19990428	24.050904	24658.750	24909.917	17.2
19990429	22.673312	24599.042	25078.583	18.3
19990430	22.780046	24545.500	24345.875	15
19990501	19.521846	22039.042	21849.708	21.1
19990502	19.402792	21094.958	20946.708	17.8
19990503	23.036250	24462.458	24583.750	15.6
19990504	23.246442	24785.958	24914.333	19.4
19990505	25.240500	25350.292	25155.458	27.8
19990506	27.214454	25713.917	25520.542	29.4
19990507	26.563546	25133.000	25034.958	26.1
19990508	20.112479	22175.583	22166.708	20.6
19990509	16.151567	20809.167	21431.542	15.6
19990510	21.890521	24787.875	24639.542	22.2
19990511	23.379538	25595.125	25588.250	25.6
19990512	24.639550	25886.000	25631.042	26.7
19990513	27.177896	25305.458	25529.917	17.2
19990514	25.002171	24816.583	24560.583	20.6
19990515	24.568992	22135.125	22163.792	19.4
19990516	20.394700	21198.625	21212.583	23.3
19990517	28.978950	25652.792	24962.083	28.9
19990518	28.020125	25840.208	25814.375	27.2
19990519	29.043392	25369.958	25954.583	22.8
19990520	27.815508	25237.542	25075.708	21.1
19990521	23.998300	25252.000	24664.917	19.4
19990522	22.931675	23282.333	22848.667	18.9
19990523	22.309229	21796.125	22685.917	22.8
19990524	31.215325	25714.542	25349.500	24.4
19990525	24.942721	26662.917	26199.875	26.7
19990526	28.603208	26579.750	27550.792	27.8
19990527	31.577692	27328.042	27763.625	28.3
19990528	25.242254	26385.792	27162.500	26.7
19990529	18.148175	22561.417	22603.458	23.3
19990530	11.445583	21249.167	21294.000	22.8
19990531	10.240404	21930.125	21709.333	25.6
19990601	18.334558	25170.875	24630.292	22.8
19990602	18.083896	25004.750	24662.042	16.1
19990603	17.501212	24887.167	25353.458	18.3
19990604	16.359996	24708.750	24630.708	17.8
19990605	9.299888	22752.042	22273.292	25
19990606	7.307213	21737.458	21650.750	27.2
19990607	15.038508	25078.583	25244.625	26.1
19990608	21.586112	25214.208	25591.458	23.3
19990609	21.525875	25615.458	25865.875	23.3
19990610	18.666233	25987.208	26094.292	23.9
19990611	21.596033	25939.208	26449.792	25
19990612	21.863250	24569.583	23987.125	28.3
19990613	20.367687	23481.625	24204.750	31.7
19990614	34.183475	28354.917	28169.667	35.6
19990615	27.673354	27909.375	27925.375	30.6
19990616	23.225212	27758.958	28566.167	29.4
19990617	23.440067	28531.958	28720.500	29.4
19990618	26.233704	27971.667	28434.292	31.1
19990619	26.158433	25181.500	26013.208	31.7
19990620	23.099217	24250.083	26447.958	29.4
19990621	29.316108	27608.792	29342.000	25
19990622	31.503671	29469.333	30332.792	28.3
19990623	25.804825	29766.917	29189.500	31.1
19990624	24.633754	28422.083	28187.083	31.1
19990625	23.729025	27809.083	27333.042	29.4
19990626	22.376571	25567.333	25107.417	28.3
19990627	20.366146	24977.667	24387.292	30
19990628	30.012813	30295.625	30047.667	30
19990629	37.966192	31789.375	30946.542	32.8
19990630	48.479650	32465.667	32291.000	31.1
19990701	37.490429	31430.292	32542.833	29.4
19990702	29.020967	28916.542	29615.083	25
19990703	16.605450	23879.292	23194.667	25
19990704	11.482100	22603.417	23520.625	29.4
19990705	18.514254	25868.500	23553.042	33.3
19990706	25.845333	29053.167	28568.625	32.2
19990707	30.739379	29647.458	29784.500	30.6
19990708	28.772946	30254.292	31198.583	25
19990709	29.630246	31130.375	32135.250	32.2
19990710	26.587408	29142.375	28515.708	33.3
19990711	23.142121	29787.625	29238.208	36.7
19990712	55.134013	35987.125	33628.958	38.3
19990713	55.493817	35661.250	35132.875	35
19990714	61.360342	32832.583	33943.917	31.7
19990715	38.632792	30572.250	31617.417	30
19990716	25.719437	29421.500	30693.917	29.4
19990717	18.999008	26844.500	27543.167	31.7
19990718	17.782771	25927.958	24633.333	30.6
19990719	27.078804	28615.833	28989.333	31.1
19990720	27.744554	28511.792	28660.125	31.7
19990721	27.032771	28737.792	28863.875	30.6
19990722	24.173571	29429.333	29291.375	32.8
19990723	26.860438	28892.292	29059.875	32.8
19990724	25.112317	26010.917	26908.000	31.1
19990725	24.077746	25157.833	26167.542	30.6
19990726	27.328446	29168.250	29198.292	31.1
19990727	27.488221	29165.708	29273.125	28.9
19990728	28.473800	28756.667	29509.125	28.9
19990729	28.158154	29062.333	29526.917	31.1
19990730	25.385963	28620.958	28600.792	30
19990731	26.805854	26120.583	26576.625	30
19990801	24.222779	24949.792	25400.750	32.2
19990802	29.970587	29931.958	28848.417	35.6
19990803	27.544533	31251.125	29222.833	36.1
19990804	31.715050	30704.292	31229.750	31.7
19990805	31.402937	28579.875	30752.167	26.7
19990806	25.926721	27444.000	28813.292	26.1
19990807	21.774233	25020.833	25565.167	27.2
19990808	20.454762	23800.292	25383.708	28.3
19990809	24.745063	27469.958	28351.458	27.8
19990810	23.556746	27557.542	28173.833	26.1
19990811	24.679713	28026.083	28157.542	28.3
19990812	23.750371	29102.083	28541.000	31.1
19990813	22.499004	29233.375	28205.750	33.3
19990814	22.805558	25913.000	26175.917	29.4
19990815	21.683017	24824.708	25150.875	31.1
19990816	26.648596	29601.708	29402.375	34.4
19990817	26.879063	30391.292	30439.958	34.4
19990818	30.084854	29815.500	30455.750	32.2
19990819	29.498046	30165.042	30462.708	32.8
19990820	27.807062	30220.583	29672.042	34.4
19990821	33.213654	28078.542	27702.500	33.9
19990822	31.059254	28144.167	26812.333	32.8
19990823	35.854929	32136.125	32138.042	35
19990824	52.212096	32513.417	31820.208	36.1
19990825	44.247479	33890.958	33648.958	37.2
19990826	54.363029	33327.417	33718.417	36.1
19990827	80.067408	33439.625	33299.708	35
19990828	39.910029	29910.792	28943.958	34.4
19990829	38.684333	27239.875	28670.833	33.9
19990830	43.930183	29360.792	29178.500	31.1
19990831	30.434550	28827.708	28155.458	28.9
19990901	30.944125	28059.500	27794.167	25.6
19990902	27.364425	27871.292	28526.500	23.9
19990903	24.723383	27642.333	27789.333	25
19990904	23.636608	25223.833	25610.625	27.8
19990905	24.216242	24729.958	24785.167	26.7
19990906	23.947862	25813.458	26305.083	28.9
19990907	31.359754	29754.583	29621.542	31.1
19990908	31.607425	29982.583	28842.500	31.7
19990909	32.821612	29621.833	29167.458	31.1
19990910	32.305113	29245.708	31114.917	30
19990911	29.549796	25907.458	26759.083	28.3
19990912	29.438262	25440.667	25252.875	30.6
19990913	31.237204	29517.708	29392.875	31.7
19990914	32.976763	28979.625	29398.625	29.4
19990915	33.189908	28812.792	29318.042	26.1
19990916	30.814029	28497.417	28997.333	25
19990917	29.422263	28295.375	28276.125	25
19990918	27.736075	24837.625	24700.375	18.3
19990919	27.402546	23447.583	23358.708	26.1
19990920	30.562392	27809.625	27358.042	31.7
19990921	30.058638	29138.875	28485.958	32.8
19990922	32.326142	30115.958	28156.500	32.2
19990923	32.917000	29523.500	29488.042	27.2
19990924	42.142425	28812.000	29495.125	28.9
19990925	33.857179	26318.875	26055.458	28.3
19990926	43.261096	25113.750	26823.458	27.2
19990927	52.796817	28264.542	30169.167	25
19990928	75.615704	29252.208	30856.708	34.4
19990929	40.364250	30967.000	29277.625	39.4
19990930	48.824371	30912.917	29597.458	38.3
19991001	53.156200	29241.125	30537.417	32.2
19991002	56.115888	25056.833	26735.625	28.3
19991003	36.907750	23962.792	24260.333	28.3
19991004	48.547121	27193.375	25795.833	30
19991005	41.161538	27577.417	26422.000	29.4
19991006	38.672308	27193.417	26440.625	22.2
19991007	38.622121	27715.458	27830.375	32.2
19991008	42.806217	28848.583	28122.542	35
19991009	38.646029	26699.500	25822.000	36.7
19991010	43.333779	25884.708	24828.917	35
19991011	50.209562	28896.042	28579.542	33.9
19991012	57.333167	28987.458	29164.333	35.6
19991013	68.555417	29277.708	28275.625	36.7
19991014	58.477463	28507.458	29041.375	30
19991015	51.594550	27702.000	27868.083	23.9
19991016	40.922746	24546.083	26275.875	27.2
19991017	45.394900	23696.667	24428.792	28.9
19991018	41.004092	26934.792	28106.792	30
19991019	40.644296	27449.167	27334.958	35.6
19991020	41.812071	28397.583	27607.042	35
19991021	53.073267	28504.083	28190.750	35
19991022	54.480042	27739.667	27260.500	33.3
19991023	40.354971	24818.750	24160.542	31.1
19991024	43.098238	23762.792	23617.667	31.7
19991025	45.066325	27517.875	26934.792	31.7
19991026	47.658421	27533.417	27095.417	28.9
19991027	52.029121	27110.292	26536.375	25.6
19991028	35.983600	26594.958	26520.000	22.2
19991029	43.322950	26727.625	25434.042	28.9
19991030	54.151700	24316.458	24523.833	33.3
19991031	73.638846	23094.208	23804.458	33.3
19991101	73.127825	26391.167	25382.375	31.1
19991102	50.509004	26215.750	26205.833	27.8
19991103	54.040050	26286.250	25975.750	25
19991104	66.261546	26483.542	25893.500	21.1
19991105	48.316954	26439.208	25815.042	21.1
19991106	37.483067	23579.000	23548.625	21.7
19991107	39.125662	22718.917	22496.083	21.7
19991108	45.016083	25694.792	24560.208	18.3
19991109	43.896912	26003.417	25906.292	23.3
19991110	38.688950	26091.375	26192.542	23.3
19991111	39.837513	26176.458	26205.792	30
19991112	37.512650	26129.125	25708.667	29.4
19991113	32.243437	23672.833	23268.625	28.9
19991114	25.302612	22796.417	23184.458	23.9
19991115	32.201388	26202.250	25669.417	24.4
19991116	31.275667	26838.958	26003.417	23.3
19991117	31.655542	26091.708	26007.917	20.6
19991118	29.512958	26081.167	26254.417	21.1
19991119	30.517483	26178.750	25839.500	18.9
19991120	37.627529	23494.875	23274.250	16.1
19991121	29.246350	22587.583	22283.417	21.1
19991122	38.227958	26186.708	25857.833	20.6
19991123	33.298771	26512.250	26549.417	21.7
19991124	29.141921	26585.333	26510.625	22.2
19991125	23.612408	21969.875	20665.000	24.4
19991126	22.255333	22953.750	22084.292	27.2
19991127	23.530117	22667.625	23045.875	23.3
19991128	22.683650	22643.917	22324.958	24.4
19991129	28.197717	26302.375	26184.458	30
19991130	32.925758	26354.125	26512.250	22.2
19991201	33.120858	26507.917	26258.708	17.2
19991202	28.729571	26842.583	26228.000	21.1
19991203	28.384383	26732.750	26373.750	18.9
19991204	27.347175	24498.375	24042.958	20.6
19991205	28.194037	23701.792	23116.208	21.1
19991206	30.160446	27035.417	26997.958	22.2
19991207	30.525371	27324.500	27301.250	18.3
19991208	31.462646	27942.458	27155.125	18.3
19991209	30.030525	28014.042	27723.583	18.9
19991210	32.343633	27679.333	27652.542	17.8
19991211	30.906408	25235.542	25647.250	19.4
19991212	29.460588	24309.167	24889.167	22.2
19991213	33.628800	27358.917	27377.833	16.7
19991214	30.211658	27348.583	27474.250	20
19991215	30.743358	27482.250	27762.750	22.2
19991216	33.743187	27602.625	27806.958	26.7
19991217	30.245146	27117.292	27360.167	28.3
19991218	27.125796	24721.292	24846.375	23.9
19991219	29.998313	23634.333	24065.500	25.6
19991220	31.512275	26824.125	27231.583	26.1
19991221	28.735308	26786.250	26824.167	23.3
19991222	29.820650	26815.000	26663.750	22.8
19991223	27.754642	26063.875	27036.125	23.3
19991224	23.352700	23899.000	24946.583	25
19991225	23.269742	21916.833	21131.042	22.2
19991226	27.898971	22622.708	22424.042	23.9
19991227	35.016608	25558.875	25614.292	23.9
19991228	29.501333	26101.833	25018.583	25.6
19991229	29.126325	26109.292	25532.500	22.8
19991230	28.881325	25781.208	25462.792	20.6
19991231	28.234650	23908.292	23818.875	11.7
20000101	27.077571	21744.583	21474.208	13.3
20000102	30.407196	22625.458	22397.958	15.6
20000103	38.174763	26528.292	26183.333	18.3
20000104	33.357837	27121.250	26362.333	21.7
20000105	31.348779	27030.583	26821.042	22.2
20000106	30.410971	26960.167	27030.500	22.2
20000107	34.919379	26749.583	27136.750	19.4
20000108	31.964371	24386.333	24714.792	20.6
20000109	31.246463	23412.167	24124.917	19.4
20000110	34.788238	26477.792	26673.625	19.4
20000111	31.829500	27096.625	27222.167	18.3
20000112	34.101925	27014.667	26683.208	18.3
20000113	33.204700	27038.625	27001.417	27.2
20000114	32.160387	26660.167	26032.292	26.7
20000115	27.936100	24069.250	24657.042	25.6
20000116	28.156742	23044.792	23679.833	17.2
20000117	32.393308	26339.958	25362.958	21.7
20000118	30.657154	26565.125	26427.208	24.4
20000119	32.858421	26463.417	26623.333	22.8
20000120	30.131896	26266.042	26096.667	21.7
20000121	28.139521	25851.250	26462.583	19.4
20000122	27.344858	23627.250	24190.417	16.1
20000123	27.327421	23417.042	23176.333	18.3
20000124	30.424954	26406.833	26588.667	22.8
20000125	30.567654	26335.542	26137.417	15.6
20000126	28.958575	26094.167	26665.833	20
20000127	36.796613	26390.125	26437.833	20
20000128	30.125008	26401.458	26258.792	22.8
20000129	28.610100	23750.208	23923.125	20
20000130	29.272475	22959.042	23888.750	16.1
20000131	31.778121	26163.000	26388.708	15.6
20000201	31.200012	26220.542	26116.250	23.3
20000202	32.082046	26402.958	26472.208	26.7
20000203	31.261863	26398.458	26448.542	24.4
20000204	32.243921	25702.583	26200.042	17.8
20000205	29.889071	23361.250	23949.542	19.4
20000206	29.885321	22376.208	23649.917	26.7
20000207	31.574242	25948.333	26216.625	28.3
20000208	29.509458	26210.625	26114.625	20
20000209	30.623908	26220.333	26402.000	20.6
20000210	30.862696	26986.125	25972.000	15.6
20000211	30.543062	26784.458	25891.667	16.7
20000212	29.398054	24542.125	23799.625	15.6
20000213	31.190683	23658.375	23545.417	12.8
20000214	32.921467	26022.167	26486.792	16.1
20000215	33.075188	26526.125	25805.333	18.9
20000216	31.136508	26965.875	26520.542	12.8
20000217	31.632092	26581.917	26284.417	16.1
20000218	31.782529	26383.708	26044.042	21.7
20000219	28.329875	23711.083	23408.875	24.4
20000220	28.204150	23061.833	23550.500	15.6
20000221	28.356067	25066.250	24400.542	11.7
20000222	29.276712	26767.250	26395.500	13.9
20000223	28.199442	26925.458	26983.333	9.4
20000224	28.544612	26795.917	26952.125	14.4
20000225	28.590758	26257.958	26348.125	15
20000226	26.775646	23894.958	23920.417	20.6
20000227	26.874658	23188.333	23677.125	12.8
20000228	28.827175	26299.250	26031.667	16.7
20000229	29.223679	26703.042	26767.250	17.8
20000301	28.794138	26402.292	26644.000	18.3
20000302	27.782550	26681.833	26785.750	21.1
20000303	27.597346	26354.083	26167.125	16.1
20000304	25.940992	23950.750	24105.167	12.8
20000305	25.294729	24073.875	23409.750	11.7
20000306	28.162100	26662.833	26476.333	13.9
20000307	29.878033	26888.125	26792.708	13.9
20000308	29.760121	27118.583	27234.667	15
20000309	27.938400	26345.917	27084.750	16.1
20000310	27.997842	25888.375	26140.792	20.6
20000311	23.653121	23090.083	23754.458	26.7
20000312	25.092571	22323.167	22728.708	26.1
20000313	27.116921	25707.208	26069.708	22.8
20000314	28.570883	25951.250	26114.458	27.2
20000315	29.729237	26087.250	26180.958	25
20000316	29.269721	26217.417	26026.625	23.9
20000317	29.585525	26160.500	25879.542	25
20000318	29.557967	23600.000	23300.083	27.8
20000319	30.461054	22508.667	23024.375	24.4
20000320	27.607408	25834.833	25638.167	19.4
20000321	29.635146	26319.792	25746.542	22.2
20000322	31.204858	26408.167	26585.917	22.8
20000323	30.997004	26173.958	26636.417	21.7
20000324	29.527996	26105.250	25192.375	22.8
20000325	29.441804	23565.000	23179.667	20.6
20000326	29.247542	22818.833	22280.667	23.9
20000327	31.373042	26198.625	26097.458	19.4
20000328	31.310317	26330.125	26351.458	15.6
20000329	32.668704	26288.625	26571.417	16.7
20000330	29.306763	26513.333	26743.375	21.1
20000331	28.302492	26654.083	26283.708	25.6
20000401	28.840975	23962.833	23821.958	28.3
20000402	28.807958	22500.646	23115.375	21.7
20000403	32.424992	26713.833	26097.000	26.7
20000404	31.248700	26701.833	26100.542	28.9
20000405	31.718413	26615.167	26400.750	24.4
20000406	30.880462	26429.167	26763.292	21.7
20000407	30.273846	26458.458	26425.708	23.9
20000408	26.526588	24211.583	23720.875	28.3
20000409	26.184129	23144.917	21839.208	23.3
20000410	27.734650	26569.375	26483.000	24.4
20000411	28.009883	27489.042	27080.083	29.4
20000412	26.427571	27935.417	27189.875	30.6
20000413	26.735154	26973.042	26834.917	25.6
20000414	26.671942	26192.125	26086.833	17.8
20000415	23.186396	23656.792	23619.500	20
20000416	22.110958	22818.458	23462.375	21.7
20000417	25.287350	25714.917	25643.292	16.1
20000418	26.438871	25764.667	25948.167	17.2
20000419	26.701862	25520.708	26134.625	22.8
20000420	25.826254	25762.750	26222.167	27.2
20000421	24.094279	24596.917	25817.167	18.3
20000422	18.146425	22519.750	23958.917	18.3
20000423	18.845975	21362.250	22785.292	20
20000424	22.837283	25742.292	26123.042	28.3
20000425	24.775429	26932.208	25985.208	30
20000426	29.173692	27627.042	27396.417	33.3
20000427	32.870792	26882.750	27116.708	26.1
20000428	26.179979	25443.000	26570.708	20
20000429	23.459438	23777.833	24132.000	26.7
20000430	25.231112	23594.125	23613.583	30.6
20000501	35.033600	27386.583	26770.208	31.7
20000502	37.599438	27813.833	26973.875	28.9
20000503	45.063275	27545.125	27254.042	28.3
20000504	32.028133	27355.000	27268.667	26.1
20000505	28.954717	26403.792	26726.125	22.8
20000506	23.095433	23794.750	23829.042	24.4
20000507	22.895767	23038.542	23108.250	24.4
20000508	27.935704	26149.042	26594.250	20.6
20000509	30.432729	26425.167	27720.458	26.7
20000510	35.648983	25864.250	26341.750	22.8
20000511	34.960700	26103.292	26096.458	22.8
20000512	36.226350	26654.250	25814.417	28.9
20000513	32.721479	23437.667	24431.792	28.3
20000514	28.275867	22148.208	23316.583	25.6
20000515	30.115013	25851.708	25872.500	23.9
20000516	36.925517	25596.625	25719.417	17.8
20000517	37.419837	25951.250	26580.208	23.9
20000518	37.853946	27271.208	27550.333	29.4
20000519	40.222717	28457.042	27845.750	32.2
20000520	38.462987	27389.375	26289.333	34.4
20000521	39.844329	27914.625	25773.167	35.6
20000522	100.044200	31826.625	31026.333	27.8
20000523	224.778530	30978.875	32308.500	21.7
20000524	102.244080	29255.708	30779.083	21.1
20000525	52.047000	27828.292	29058.958	16.7
20000526	46.907913	28128.250	26634.625	26.1
20000527	40.111808	26647.333	26525.792	35
20000528	40.827075	26691.250	25295.250	34.4
20000529	45.465142	26137.042	27078.500	30
20000530	49.356621	28574.083	28881.542	27.2
20000531	50.460804	28744.708	28633.375	27.2
20000601	48.305067	29507.042	30287.417	29.4
20000602	60.700087	29301.625	28801.125	29.4
20000603	63.888242	26496.750	27081.583	31.7
20000604	62.029754	25601.250	26773.333	30.6
20000605	56.673300	28784.042	28732.042	30
20000606	53.054713	29163.958	28964.917	31.1
20000607	56.015942	28654.417	28741.000	28.9
20000608	57.482867	26940.417	27073.333	21.1
20000609	50.771825	27026.500	26623.167	25.6
20000610	48.751758	24796.833	24502.500	27.2
20000611	45.994121	24332.958	24123.875	30
20000612	76.051821	29780.333	29792.333	31.7
20000613	87.140204	33014.708	34672.375	32.8
20000614	263.387700	34849.042	36100.583	31.7
20000615	331.186480	34431.167	35971.708	31.7
20000616	253.816950	32328.125	32386.458	28.3
20000617	71.747533	28289.750	27227.375	28.3
20000618	52.078558	25649.208	25466.417	27.8
20000619	63.409254	30192.458	29830.167	28.9
20000620	52.609688	32024.083	31670.625	30
20000621	63.370138	32970.458	31899.125	30
20000622	100.114570	32130.292	32487.583	30
20000623	93.120333	30671.167	32253.583	27.2
20000624	65.300408	28792.250	28024.917	31.7
20000625	54.389475	28288.667	25471.000	35
20000626	122.864300	33697.958	32637.667	33.9
20000627	228.238600	34325.208	33652.542	33.9
20000628	325.614140	33864.083	34668.792	33.3
20000629	364.562010	33160.292	33846.167	32.2
20000630	333.344190	31151.167	32476.750	30
20000701	72.964642	27608.708	28798.542	30.6
20000702	56.117717	25409.042	24714.208	29.4
20000703	74.465721	26071.458	27137.542	28.3
20000704	38.741712	24323.500	24114.417	27.8
20000705	43.983679	28237.667	28265.167	27.2
20000706	39.788275	28939.667	29374.917	28.3
20000707	50.983696	28682.500	29060.792	27.8
20000708	39.553987	26304.792	26343.083	27.8
20000709	40.214904	25079.667	25476.542	27.2
20000710	50.445600	29616.292	30159.375	27.2
20000711	62.865450	29973.917	30509.708	27.8
20000712	58.447421	29614.000	31576.708	28.9
20000713	57.451163	29816.167	30509.250	31.1
20000714	59.691771	30509.208	29468.833	31.7
20000715	61.470112	27533.875	28731.333	30
20000716	65.006942	25656.542	26393.458	29.4
20000717	79.688158	29254.292	29646.208	32.2
20000718	72.376875	31422.875	30607.958	36.1
20000719	79.598625	32768.458	31687.917	38.3
20000720	188.268800	32483.375	33854.625	37.2
20000721	186.172690	31174.500	32806.875	31.7
20000722	103.922130	28877.083	29336.917	32.8
20000723	100.666610	28833.000	29727.000	34.4
20000724	207.080140	33470.667	33696.958	33.3
20000725	225.621890	33190.583	34330.167	33.9
20000726	187.658470	32060.292	32489.125	35
20000727	171.266740	31868.083	31936.875	35
20000728	178.513960	32445.917	32103.042	35
20000729	155.668530	29928.042	29972.417	32.2
20000730	202.376930	29326.542	29910.458	34.4
20000731	266.194310	33855.542	34980.667	37.2
20000801	280.992280	35235.875	35556.667	33.9
20000802	298.212970	34923.750	35493.167	32.8
20000803	278.262900	34018.333	35319.250	32.8
20000804	242.749840	33261.125	31942.167	33.3
20000805	158.909610	31009.042	29943.708	33.9
20000806	135.536150	28282.667	29767.667	30.6
20000807	150.707130	30928.208	31925.875	31.1
20000808	146.773160	31110.250	32039.542	31.1
20000809	125.583810	31500.708	31564.708	32.8
20000810	98.395396	31845.583	31942.583	35
20000811	136.298850	33060.333	32883.708	36.7
20000812	121.394930	30865.958	30970.833	35.6
20000813	113.838480	28612.375	29742.458	35
20000814	147.873280	32840.833	33222.875	33.3
20000815	147.426590	33600.000	33409.750	33.9
20000816	163.646490	34228.083	33485.750	36.1
20000817	158.934700	33990.583	33015.417	34.4
20000818	151.371970	32197.625	33147.917	32.2
20000819	119.040000	28803.958	29379.208	32.8
20000820	111.398170	26788.875	28017.583	29.4
20000821	154.511140	30929.708	31077.708	30
20000822	176.773250	30825.125	30974.708	29.4
20000823	195.609780	30919.333	31094.417	31.7
20000824	183.367810	31720.083	32266.417	31.1
20000825	199.738010	32014.917	31469.083	31.1
20000826	199.850540	29141.083	28825.667	31.1
20000827	169.234450	26990.000	27225.083	27.2
20000828	189.533270	29951.500	30722.000	26.7
20000829	186.256240	28219.333	30581.458	20
20000830	134.018770	28255.500	30403.167	25.6
20000831	77.245608	28148.292	29229.250	24.4
20000901	64.727100	27414.250	27574.208	23.9
20000902	60.691833	24447.375	25386.708	25
20000903	75.569379	23359.000	23901.417	26.7
20000904	64.312158	23943.667	25083.000	28.9
20000905	71.576554	27808.417	29243.583	29.4
20000906	102.007190	29129.333	28489.833	32.8
20000907	134.963980	29796.250	30014.458	32.2
20000908	133.330830	29561.083	29485.417	29.4
20000909	96.341813	26219.792	28197.000	29.4
20000910	117.092560	25229.625	27472.375	31.1
20000911	121.959620	30052.833	29488.750	35.6
20000912	114.622490	31281.042	30641.250	39.4
20000913	165.822530	32282.917	31724.667	33.9
20000914	191.137100	32461.542	32391.333	31.7
20000915	166.680190	31456.208	32102.417	33.9
20000916	126.579950	29880.375	29586.125	37.2
20000917	131.955450	29060.125	28163.667	35.6
20000918	166.824820	32974.417	32596.750	33.3
20000919	180.996040	33196.333	34384.208	30
20000920	189.157240	32308.542	33078.000	27.2
20000921	127.794100	29004.167	31877.625	20
20000922	93.509250	27660.375	29297.917	21.1
20000923	75.710062	25265.083	25564.208	21.7
20000924	91.233967	24689.083	25106.750	30
20000925	96.428496	29312.667	29606.000	32.8
20000926	102.087360	29668.625	28983.958	28.3
20000927	110.919200	28711.667	29293.125	23.3
20000928	90.962179	28262.167	28804.625	23.9
20000929	90.441554	28418.458	29103.167	25.6
20000930	90.658367	26324.417	27747.208	25
20001001	111.400490	25650.708	24869.542	27.2
20001002	132.943660	29230.792	29417.292	28.3
20001003	118.864420	28523.750	28749.750	24.4
20001004	122.210700	27998.250	28595.375	20
20001005	129.584760	28269.917	28987.750	25
20001006	111.019110	27907.667	27896.583	19.4
20001007	99.883850	24561.708	25440.208	21.1
20001008	94.882046	23579.250	24877.958	22.8
20001009	105.183290	27116.667	27322.917	22.2
20001010	103.125400	26422.417	26761.208	18.9
20001011	96.294838	26200.375	26957.208	18.3
20001012	87.308383	26097.458	26622.958	19.4
20001013	85.260479	26048.750	25728.125	23.3
20001014	81.901617	23529.000	24260.458	26.1
20001015	89.252813	22557.042	22644.083	25
20001016	103.092730	26836.000	26606.917	28.3
20001017	103.904720	27515.875	27018.333	31.1
20001018	105.027530	27238.167	27114.625	22.2
20001019	110.204460	27384.958	27701.542	25
20001020	102.308370	26950.667	26499.833	23.9
20001021	85.834958	23739.708	23956.333	21.1
20001022	90.187317	23169.917	22339.875	25
20001023	96.877783	26601.042	26603.458	23.3
20001024	106.266830	26956.167	26883.083	22.8
20001025	99.863738	26752.708	26981.833	23.3
20001026	98.063683	26639.250	26399.375	18.9
20001027	93.574862	26435.458	26420.500	17.8
20001028	89.695479	24107.792	23667.208	18.3
20001029	102.921690	23466.000	22509.375	15.6
20001030	98.204217	26085.125	26150.250	17.8
20001031	92.045275	26295.125	26521.125	18.9
20001101	100.591770	26698.625	26808.042	21.7
20001102	83.579783	26467.125	26466.208	22.8
20001103	98.185158	26225.708	26066.125	23.9
20001104	98.889683	23770.333	23848.667	23.3
20001105	108.351850	22810.917	23060.875	18.9
20001106	114.660360	26469.792	26024.542	18.3
20001107	106.622400	26878.375	26625.375	20.6
20001108	119.993670	27060.042	26877.958	20
20001109	120.093900	27125.000	27015.667	15.6
20001110	121.298720	26904.542	26595.958	15
20001111	113.488560	24605.083	24677.833	15
20001112	137.509070	23721.458	23788.875	17.2
20001113	160.455710	27149.167	26572.667	20.6
20001114	160.499870	27344.917	27539.792	15.6
20001115	195.122870	27413.500	27615.125	15.6
20001116	226.581880	27540.667	27513.000	17.2
20001117	216.865650	27314.792	27163.583	19.4
20001118	182.448410	24895.000	24709.583	20
20001119	177.374680	23889.125	23413.167	27.2
20001120	192.077650	26922.500	26652.417	26.1
20001121	205.523040	27271.208	27048.000	24.4
20001122	191.957570	26716.208	26993.375	16.7
20001123	234.640430	22751.625	23780.417	18.9
20001124	221.479190	23393.917	24384.083	20.6
20001125	230.855670	23439.292	23412.250	25.6
20001126	236.256650	23564.917	23485.792	26.1
20001127	246.739400	27065.875	26736.750	22.8
20001128	235.855250	27228.125	26836.542	25.6
20001129	231.565240	27258.250	27157.583	18.9
20001130	232.246420	27451.542	27282.958	20.6
20001201	239.439040	27558.333	27075.792	20
20001202	227.723980	25208.292	25009.542	21.1
20001203	227.595020	24548.542	23917.000	22.8
20001204	239.845770	27647.375	27456.375	23.9
20001205	249.993710	27270.083	27993.625	26.7
20001206	249.995850	27890.750	27809.458	22.8
20001207	249.998930	27380.542	27886.417	22.8
20001208	250.001650	27462.417	27602.208	13.3
20001209	253.118620	25263.750	25281.375	17.8
20001210	286.140700	24219.792	24634.167	16.7
20001211	599.393160	27532.917	27741.750	16.1
20001212	887.872360	27735.417	27583.625	15
20001213	1141.812000	27965.625	28101.417	15.6
20001214	584.173930	27644.083	27906.750	13.9
20001215	493.259770	27336.208	27628.333	16.7
20001216	440.560180	25287.042	25228.958	25
20001217	340.977590	24411.583	24569.458	27.2
20001218	403.344720	27634.792	27843.750	22.8
20001219	402.747930	28021.875	27738.333	25.6
20001220	996.509110	27569.667	28007.917	22.2
20001221	336.838230	27640.375	27942.500	21.7
20001222	288.741020	26461.083	27260.375	21.1
20001223	253.390390	24232.125	25244.625	20.6
20001224	235.171130	23072.833	24127.750	20
20001225	230.218120	22290.042	22383.833	21.7
20001226	316.351980	25016.667	27515.333	21.1
20001227	276.457800	26006.333	25893.542	22.2
20001228	284.012950	26229.417	26227.042	23.9
20001229	277.112880	25706.875	25886.542	27.2
20001230	203.559000	23696.042	24176.708	23.3
20001231	220.299480	22893.083	23347.625	23.9
20010101	216.881490	22654.250	22242.083	25
20010102	300.546890	26389.667	27919.708	26.1
20010103	274.090370	27008.875	26974.542	26.1
20010104	297.163140	27206.417	26950.750	27.2
20010105	288.976550	26802.542	26572.333	19.4
20010106	253.932770	24100.958	24413.375	20.6
20010107	236.801990	23168.833	23682.875	21.7
20010108	305.723370	26611.375	26744.375	14.4
20010109	304.879830	26581.958	26682.208	17.2
20010110	293.817030	27089.625	26854.125	13.3
20010111	305.634590	26454.458	27053.375	10
20010112	433.537470	26267.083	26761.750	12.2
20010113	290.796090	23551.625	23862.583	14.4
20010114	238.822800	22788.875	23373.167	14.4
20010115	282.027670	26139.458	25863.500	13.9
20010116	453.051260	26184.625	26495.125	14.4
20010117	622.922290	25519.958	27191.583	15.6
20010118	604.092560	25120.458	26813.125	17.2
20010119	159.639890	24913.417	26472.833	18.9
20010120	183.617390	23112.375	23605.042	22.8
20010121	687.552680	22390.458	22699.375	21.7
20010122	375.718280	25113.792	26673.667	18.3
20010123	306.859330	25870.583	26632.833	16.7
20010124	254.732370	26211.792	26548.583	12.8
20010125	271.895680	26268.958	26198.458	14.4
20010126	235.318310	25539.375	26058.958	8.3
20010127	209.172820	23442.542	23141.833	12.2
20010128	333.970370	22123.542	23011.750	14.4
20010129	290.387380	25374.667	25776.083	13.3
20010130	235.087320	25981.750	25901.042	17.8
20010131	214.955220	26111.208	26020.625	18.3
20010201	NaN	25909.88	26120.33	20.6
20010202	NaN	25426.83	25579.17	24.4
20010203	NaN	22701.42	23160.29	30
20010204	NaN	22059.79	22515.58	30
20010205	NaN	25200.54	25896.79	26.7
20010206	NaN	25251.17	25829.88	18.3
20010207	NaN	25824.63	25967.38	12.2
20010208	NaN	26002.88	25862.08	14.4
20010209	NaN	25876.42	25814.54	14.4
20010210	NaN	23533.29	23606.42	10.6
20010211	NaN	22999.08	23607.25	11.7
20010212	NaN	25908.38	26042.71	10
20010213	NaN	25972.96	25834.67	10.6
20010214	NaN	25434.75	26000.88	13.9
20010215	NaN	25683.71	25582.67	15
20010216	NaN	24886.33	25273	18.9
20010217	NaN	22471.13	23073.96	18.9
20010218	NaN	21503.17	22132.67	16.1
20010219	NaN	23668.54	24327.54	14.4
20010220	NaN	24929.38	25613.96	15.6
20010221	NaN	25106.83	25413.38	18.3
20010222	NaN	25247.67	25354.13	16.1
20010223	NaN	25102.46	24970.46	10.6
20010224	NaN	23417.08	23538.08	8.9
20010225	NaN	22341.88	22497.58	11.1
20010226	NaN	24876.96	25131.13	15
20010227	NaN	25092.38	25002.67	12.2
20010228	NaN	25193.54	25036.04	11.1
20010301	NaN	25154.17	25065.42	17.2
20010302	NaN	24959.79	24836	15.6
20010303	NaN	22509.17	23337.83	17.2
20010304	NaN	22281.96	22836	16.1
20010305	NaN	24830.96	25323.92	17.8
20010306	NaN	24769.75	24693	16.7
20010307	NaN	24252.17	24616.96	16.1
20010308	NaN	24624.71	24642.08	18.9
20010309	NaN	24655.67	24548.63	15.6
20010310	NaN	22198.67	22306.75	15.6
20010311	NaN	21377.42	21776.38	13.9
20010312	NaN	24569.58	24804.04	21.1
20010313	NaN	24685.63	24218.54	21.1
20010314	NaN	24655.21	24588.5	19.4
20010315	NaN	24559.67	24544	19.4
20010316	NaN	24305.67	24528.46	17.2
20010317	NaN	21913.58	22107.58	22.8
20010318	NaN	21655.58	21248.21	26.7
20010319	NaN	25032.42	24667.96	31.1
20010320	NaN	25229.5	25351.29	27.8
20010321	NaN	25054.38	25172.58	22.2
20010322	NaN	24947.58	24774.92	17.8
20010323	NaN	24663.38	24590.96	19.4
20010324	NaN	22371.54	22012.42	19.4
20010325	NaN	21437.08	21592.21	18.9
20010326	NaN	24449.75	24569.58	20
20010327	NaN	25061.83	24570.13	23.9
20010328	NaN	25241.38	25343.17	21.1
20010329	NaN	25183.63	25467.67	21.1
20010330	NaN	25099.79	25100.58	26.1
20010331	NaN	22298.83	22706.75	23.3
20010401	NaN	21507.67	21584.75	16.7
20010402	NaN	24543.46	24810.58	18.3
20010403	NaN	24875.54	24326.96	15.6
20010404	NaN	25106.04	24936.5	13.9
20010405	NaN	25110.71	25010.33	16.1
20010406	NaN	25151.17	24878.04	16.1
20010407	NaN	22589.92	22715.38	13.9
20010408	NaN	22014.96	21880	15.6
20010409	NaN	24837.88	25137.25	12.2
20010410	NaN	24921.71	25140.88	15.6
20010411	NaN	24940.17	25209.92	13.3
20010412	NaN	24662.38	24813.04	18.3
20010413	NaN	23742.17	24809.17	22.2
20010414	NaN	21572.29	22550.17	21.7
20010415	NaN	20594.88	21557.08	22.2
20010416	NaN	24706.5	25021.13	24.4
20010417	NaN	25043.08	24832.38	27.2
20010418	NaN	24816.42	24522.96	22.2
20010419	NaN	24588.67	24901.46	18.9
20010420	NaN	24620.13	24882.29	16.7
20010421	NaN	21920.67	22445.58	15.6
20010422	NaN	21305.67	21455.29	21.1
20010423	NaN	24872.42	24783.08	28.3
20010424	NaN	25916.38	25669.42	31.7
20010425	NaN	26404.04	25764.13	30
20010426	NaN	25446.42	25925.04	25
20010427	NaN	24753.08	25016.21	21.7
20010428	NaN	21759.13	22212.96	17.2
20010429	NaN	21374.21	21557.88	23.3
20010430	NaN	25382.29	25085.42	25.6
20010501	NaN	25612.83	25301.54	23.3
20010502	NaN	25179.08	25639.88	17.8
20010503	NaN	25684.58	25763	26.7
20010504	NaN	25834.58	25272.83	25.6
20010505	NaN	23476.75	22746.33	25.6
20010506	NaN	23349.88	23366.38	28.3
20010507	NaN	27469.46	26740.42	31.1
20010508	NaN	28653.25	28207.96	32.8
20010509	NaN	28450.13	29057.46	29.4
20010510	NaN	28348.75	28333.29	27.8
20010511	NaN	27913.13	27397.92	27.2
20010512	NaN	23592.92	24159.54	22.2
20010513	NaN	22417.46	22904.38	22.8
20010514	NaN	25993.29	25495.13	23.9
20010515	NaN	26585.67	26006.08	24.4
20010516	NaN	26891.5	27160.58	24.4
20010517	NaN	27098	27349.04	25.6
20010518	NaN	26867.79	26685.83	22.8
20010519	NaN	24698.17	23860.21	22.8
20010520	NaN	24496.88	24159.25	24.4
20010521	NaN	28813.5	28267.58	25
20010522	NaN	29263.58	29611.54	31.1
20010523	NaN	29694.04	29524.63	32.2
20010524	NaN	29089.21	29861.75	25
20010525	NaN	27910	28089.75	26.1
20010526	NaN	23980.75	23707.58	21.7
20010527	NaN	21863.96	22744.92	18.9
20010528	NaN	22420.71	22579.67	19.4
20010529	NaN	26858.13	27056.25	27.2
20010530	NaN	29624.38	29034.88	28.9
20010531	NaN	30749.75	29735.46	30.6
20010601	NaN	28257.58	29900.67	25
20010602	NaN	23695.92	23850.92	18.3
20010603	NaN	22437.42	23404.04	20
20010604	NaN	25592.92	27063.83	23.3
20010605	NaN	26012.96	27137.33	24.4
20010606	NaN	27312.54	27628.92	27.8
20010607	NaN	28609.63	27760.38	27.8
20010608	NaN	28668.33	27360	28.9
20010609	NaN	24850.63	24317.67	28.9
20010610	NaN	22899.38	23124.83	28.3
20010611	NaN	26181.33	26016.21	26.1
20010612	NaN	25860.75	26147.33	18.9
20010613	NaN	26245.79	27332.21	23.9
20010614	NaN	28656.13	28621.88	31.1
20010615	NaN	29129.04	28901.83	32.2
20010616	NaN	26960.92	26437.04	31.7
20010617	NaN	25854.83	25582.67	31.7
20010618	NaN	29884.29	30460.63	31.7
20010619	NaN	30801	31061.08	31.7
20010620	NaN	31512.42	31611.92	30.6
20010621	NaN	32020.25	32129.29	32.8
20010622	NaN	31467.08	31310.63	33.3
20010623	NaN	27382.25	25810.21	31.1
20010624	NaN	25370.38	22725.96	30
20010625	NaN	27679.5	26300.38	27.8
20010626	NaN	27614.04	26737.88	27.8
20010627	NaN	27662.33	26896.75	29.4
20010628	NaN	28321.5	28552	30
20010629	NaN	29201.21	28788.54	30.6
20010630	NaN	27901.42	26871.71	31.7
20010701	NaN	27383.67	26324.63	31.1
20010702	NaN	32422.38	30880.04	33.9
20010703	NaN	33234.46	31759.63	31.7
20010704	NaN	28754.96	29558.17	33.9
20010705	NaN	30863.08	31979.71	30.6
20010706	NaN	29371.21	29348.04	28.9
20010707	NaN	27137.5	25479.96	30
20010708	NaN	26365.29	25653.5	28.9
20010709	NaN	28952.83	29442.5	27.2
20010710	NaN	28168	29295.88	26.7
20010711	NaN	27681.08	28261.67	27.2
20010712	NaN	28534.42	27582.42	30.6
20010713	NaN	29821.33	27920.88	30.6
20010714	NaN	26126.17	25188.58	27.8
20010715	NaN	24310.46	24115.13	26.7
20010716	NaN	27091	27457.04	25
20010717	NaN	27653.5	27721.71	26.1
20010718	NaN	28181.46	28080.71	27.8
20010719	NaN	28079.42	27700.42	27.8
20010720	NaN	27495.46	27602.75	28.3
20010721	NaN	25146.83	25140.83	28.3
20010722	NaN	25123.58	24696.54	28.9
20010723	NaN	28912.38	28874.29	27.2
20010724	NaN	29149.21	30115.5	27.8
20010725	NaN	28928.04	31189.21	27.2
20010726	NaN	29585.25	29403.21	30
20010727	NaN	29798.5	29124.21	31.7
20010728	NaN	27830.13	27486.21	31.1
20010729	NaN	25523.21	26097.08	28.9
20010730	NaN	27776.96	28110.46	26.1
20010731	NaN	28575.42	28470.92	26.7
20010801	NaN	28882.96	29449.58	27.8
20010802	NaN	29148.42	29620.54	28.9
20010803	NaN	28398.71	28822.46	29.4
20010804	NaN	26059.13	27301.25	30
20010805	NaN	26018.79	26533.71	33.3
20010806	NaN	30689.33	30439.13	33.3
20010807	NaN	32464.79	31483.21	33.9
20010808	NaN	32176.42	32753.79	30.6
20010809	NaN	30354.13	32228.88	31.1
20010810	NaN	29405.29	29646.08	30.6
20010811	NaN	27202.38	27603.54	30.6
20010812	NaN	25877.33	26627.13	30
20010813	NaN	29368.96	30200.29	32.2
20010814	NaN	30743.33	30698.96	35
20010815	NaN	30885.83	32208.29	34.4
20010816	NaN	31397.42	31722.13	33.3
20010817	NaN	31716.79	30548.04	33.3
20010818	NaN	28785.29	27803.13	33.9
20010819	NaN	27332.63	26317.38	31.7
20010820	NaN	28974.71	29438.54	29.4
20010821	NaN	28033.67	29978.54	26.7
20010822	NaN	27753.17	28660.83	26.1
20010823	NaN	28676.79	28103.04	27.8
20010824	NaN	29376.38	28871.17	30.6
20010825	NaN	27730.79	27814.88	32.8
20010826	NaN	27352.54	27719.42	33.9
20010827	NaN	31511.17	31065.46	32.2
20010828	NaN	31137.63	32208.25	30
20010829	NaN	29292.33	30116.33	25.6
20010830	NaN	28455.04	28784.42	28.3
20010831	NaN	28528.88	27514.58	28.9
20010901	NaN	26832.67	25587.92	31.1
20010902	NaN	26434.08	24809.67	31.1
20010903	NaN	26900.92	27151.92	28.9
20010904	NaN	30089.71	30237.08	30.6
20010905	NaN	29533.92	29937.88	30
20010906	NaN	28745.25	29944.08	25.6
20010907	NaN	28259.88	29137.79	25.6
20010908	NaN	25300.88	26692.17	25
20010909	NaN	23670.5	24974.67	25
20010910	NaN	27332.5	28114.67	25
20010911	NaN	27231.71	27475.21	25.6
20010912	NaN	27420.29	27652.54	27.8
20010913	NaN	28103.13	28122.33	30.6
20010914	NaN	29066.17	28138.04	33.3
20010915	NaN	26040.04	25545.13	30
20010916	NaN	23971.08	25575.29	29.4
20010917	NaN	27427.38	28344.58	26.7
20010918	NaN	27993.71	28101.83	27.2
20010919	NaN	28025.96	28000.63	27.2
20010920	NaN	28011.71	27634.79	26.7
20010921	NaN	27868.63	27672.63	30.6
20010922	NaN	25590.71	26046.42	31.1
20010923	NaN	24598.88	25080.54	29.4
20010924	NaN	28300.29	27668.13	35.6
20010925	NaN	28685.13	29281.92	35
20010926	NaN	28826.79	29460.13	33.9
20010927	NaN	28194.92	28984.38	32.8
20010928	NaN	26804.58	28098.79	31.7
20010929	NaN	24500.88	27112.13	35.6
20010930	NaN	25251.92	26613.75	36.1
20011001	NaN	30193.25	28788.5	34.4
20011002	NaN	29298.96	30924.21	31.1
20011003	NaN	28785.29	29464.71	27.2
20011004	NaN	27643.33	28754.04	27.8
20011005	NaN	26182.54	26746.42	23.3
20011006	NaN	23257.21	23931.13	22.8
20011007	NaN	22599	22612.25	23.9
20011008	NaN	25621.13	26007.08	22.2
20011009	NaN	25779.88	25772	21.1
20011010	NaN	26122	26873.08	27.2
20011011	NaN	26222.67	26855.04	25.6
20011012	NaN	26545.96	26662.79	30.6
20011013	NaN	24289.21	24749.92	31.1
20011014	NaN	23695.25	24429.42	32.8
20011015	NaN	27053.96	27149.67	30.6
20011016	NaN	26917.92	26319.08	29.4
20011017	NaN	26527.29	26279.42	26.7
20011018	NaN	26521.58	26339.17	27.8
20011019	NaN	25885.83	26085.63	26.7
20011020	NaN	23226.96	23548.38	22.8
20011021	NaN	22308.42	22393	21.1
20011022	NaN	25617.13	25631.71	21.1
20011023	NaN	25818.63	25795.96	22.8
20011024	NaN	26069.58	26420.42	26.1
20011025	NaN	26039.04	26319.42	25.6
20011026	NaN	25649.25	25973.13	27.8
20011027	NaN	22996.96	23146.83	23.9
20011028	NaN	22467.63	22637.88	18.9
20011029	NaN	25325.33	25882.13	22.8
20011030	NaN	25424.83	25485.58	20.6
20011031	NaN	25080.79	25421.79	20.6
20011101	NaN	25357.88	25430.96	21.7
20011102	NaN	24979.58	25061.88	20
20011103	NaN	22645.58	22863.29	23.9
20011104	NaN	22308.58	21980.5	22.2
20011105	NaN	25185.33	25350.96	26.1
20011106	NaN	25140.75	25743.75	21.7
20011107	NaN	25457.92	25276.83	22.8
20011108	NaN	25836.42	25598.63	30.6
20011109	NaN	25295.83	25276.13	23.9
20011110	NaN	23052.58	22884.08	20
20011111	NaN	22064.29	22267.25	21.1
20011112	NaN	24806.63	25242.96	19.4
20011113	NaN	25305.75	24951.21	18.3
20011114	NaN	25511.17	25295.58	22.2
20011115	NaN	25808.67	25512.83	26.7
20011116	NaN	25440.67	25289.21	23.9
20011117	NaN	22968.67	22955.63	22.8
20011118	NaN	22442	22184.04	23.3
20011119	NaN	25329.21	25435.58	26.7
20011120	NaN	25578.63	25670.42	26.1
20011121	NaN	25937.5	25652.25	22.2
20011122	NaN	22053.67	23064.33	18.3
20011123	NaN	22644.67	22416.33	20
20011124	NaN	22681.25	22682.29	15.6
20011125	NaN	22868.13	22238.04	15.6
20011126	NaN	26064.29	25653.33	16.1
20011127	NaN	26093	26103.83	16.7
20011128	NaN	26794.58	26524.25	16.7
20011129	NaN	26509.33	26565.58	10.6
20011130	NaN	25691.08	26345.5	16.1
20011201	NaN	23741.42	24002.25	17.8
20011202	NaN	23102.79	23175.5	15
20011203	NaN	25543.25	26166.67	15.6
20011204	NaN	26345.5	26261.21	16.1
20011205	NaN	27106.88	26548.38	16.1
20011206	NaN	26591.88	26710.21	21.1
20011207	NaN	26259.83	26211.92	27.8
20011208	NaN	23824.38	23856.63	24.4
20011209	NaN	23798.58	23219.71	16.7
20011210	NaN	26897.96	26498.79	13.9
20011211	NaN	27217.42	26903.04	16.7
20011212	NaN	26914.17	27518.46	16.7
20011213	NaN	27069.29	27225.54	17.2
20011214	NaN	27142.83	27007.33	9.4
20011215	NaN	24901.92	24874.13	15.6
20011216	NaN	24660.46	24055.5	18.3
20011217	NaN	27202.92	26819.46	17.8
20011218	NaN	27095.58	27450.08	21.7
20011219	NaN	27248.79	27433.13	22.2
20011220	NaN	27544.33	27296.79	13.3
20011221	NaN	26641	27417.75	13.3
20011222	NaN	24237.17	24314.38	15.6
20011223	NaN	23516.96	24010.83	15.6
20011224	NaN	23699	24150.67	18.9
20011225	NaN	22444.25	22716.38	22.2
20011226	NaN	24798.83	24944.88	21.1
20011227	NaN	25406.54	24767.63	20
20011228	NaN	25481	25253.63	17.2
20011229	NaN	23396	23453.25	13.3
20011230	NaN	23177.79	23476.63	16.7
20011231	NaN	23633.75	23510.04	14.4
20020101	NaN	22976.83333	22632.20833	20.6
20020102	NaN	25471.66667	26486.04167	17.2
20020103	NaN	25806.125	25948.5	16.7
20020104	NaN	26044.625	25602.5	18.9
20020105	NaN	23877.08333	23330.66667	21.7
20020106	NaN	23301.91667	23169.5	22.8
20020107	NaN	25950.58333	26292.54167	26.7
20020108	NaN	26122.625	26650.66667	26.1
20020109	NaN	26091.41667	26348.16667	17.8
20020110	NaN	26277.29167	26229.91667	23.9
20020111	NaN	26373.25	25989	26.1
20020112	NaN	24114.25	23580.04167	26.7
20020113	NaN	23819.875	23266.625	23.3
20020114	NaN	26899.83333	25949.125	17.8
20020115	NaN	27153.16667	27061.20833	16.1
20020116	NaN	27257.33333	27344.79167	16.1
20020117	NaN	27451.29167	27298.04167	16.1
20020118	NaN	27064.16667	27184.25	16.7
20020119	NaN	24748.58333	24377.08333	18.3
20020120	NaN	23868.45833	24008.79167	17.2
20020121	NaN	26514.41667	25981.5	20
20020122	NaN	27355.54167	27088.79167	15
20020123	NaN	27747.04167	27478.70833	16.7
20020124	NaN	27576.79167	27833.75	18.3
20020125	NaN	26648.29167	27297.54167	24.4
20020126	NaN	24471.625	24551.08333	18.9
20020127	NaN	24376.79167	23753.5	13.3
20020128	NaN	27382.20833	26992.29167	12.2
20020129	NaN	27932.875	27561.125	11.1
20020130	NaN	27939.125	28123.25	12.8
20020131	NaN	27905.33333	28073.91667	15
20020201	NaN	27272.54167	27724.66667	17.8
20020202	NaN	24656.33333	24794.45833	18.9
20020203	NaN	23866.70833	23909.20833	21.7
20020204	NaN	26710.625	26691.5	21.7
20020205	NaN	26519.58333	26944.95833	23.3
20020206	NaN	26843.33333	26665	21.7
20020207	NaN	26885.41667	26650.20833	20
20020208	NaN	26251.45833	26450.75	17.8
20020209	NaN	24010.25	24166.5	25
20020210	NaN	23316.58333	23525.70833	23.9
20020211	NaN	26154.45833	26468.125	26.1
20020212	NaN	26182.5	26448	25.6
20020213	NaN	26607.20833	26406.29167	24.4
20020214	NaN	26125.125	26706.04167	19.4
20020215	NaN	25814.66667	26374.70833	22.2
20020216	NaN	23691.16667	23650.375	16.7
20020217	NaN	23341.66667	23508.625	13.9
20020218	NaN	25037.33333	23498.04167	15.6
20020219	NaN	26223.79167	26194.75	16.7
20020220	NaN	25809.04167	26730.66667	20
20020221	NaN	26619.5	26051.91667	30
20020222	NaN	26304.41667	26296.79167	31.7
20020223	NaN	23305.20833	23333.45833	22.8
20020224	NaN	23272.875	23465.58333	23.3
20020225	NaN	25958.58333	26354.875	25.6
20020226	NaN	26151.875	26413.70833	30
20020227	NaN	26094.70833	26472.375	25.6
20020228	NaN	25681.75	26208.33333	17.8
20020301	NaN	25437.45833	25493.70833	20
20020302	NaN	23316.20833	23162.54167	20.6
20020303	NaN	22460.125	22588	21.7
20020304	NaN	25631.75	25896.04167	25.6
20020305	NaN	25797.66667	26069.125	21.1
20020306	NaN	25973.58333	26043.45833	18.3
20020307	NaN	25797.375	26134.375	18.3
20020308	NaN	25863.91667	25546.91667	17.8
20020309	NaN	23952	23530.83333	22.8
20020310	NaN	23249.45833	23139.70833	22.2
20020311	NaN	25772.79167	25885.66667	25.6
20020312	NaN	25982.95833	25990.95833	23.9
20020313	NaN	26226.83333	26122.04167	19.4
20020314	NaN	26503.125	26176.625	17.2
20020315	NaN	26209.20833	26184.25	16.1
20020316	NaN	24196.08333	23858.5	13.9
20020317	NaN	24123.91667	23568.70833	13.3
20020318	NaN	26603.5	26287.66667	18.9
20020319	NaN	26668.83333	26337.04167	22.2
20020320	NaN	26246.5	26586.45833	27.2
20020321	NaN	26121.25	26431.625	27.2
20020322	NaN	26171.83333	25968.54167	20.6
20020323	NaN	23946.45833	23638	17.2
20020324	NaN	23107.25	23249.79167	17.2
20020325	NaN	26028.79167	26214.375	20
20020326	NaN	25946.125	26291.95833	22.8
20020327	NaN	26140.20833	26164.375	17.2
20020328	NaN	26212.91667	26213.41667	14.4
20020329	NaN	25387.54167	25360.79167	17.2
20020330	NaN	23459.70833	23821.125	21.1
20020331	NaN	22686.91667	22971.20833	24.4
20020401	NaN	26332.45833	26156.5	23.3
20020402	NaN	26560.95833	25908.75	19.4
20020403	NaN	26386.875	26503.29167	17.8
20020404	NaN	26468.83333	26373.66667	20.6
20020405	NaN	26120.33333	25914.91667	16.7
20020406	NaN	23939.54167	23813.70833	15
20020407	NaN	23200.45833	23279.41667	18.3
20020408	NaN	26100.54167	26247.83333	19.4
20020409	NaN	26468.58333	26071.16667	22.2
20020410	NaN	26550.54167	26716.04167	22.8
20020411	NaN	26403.83333	26596.66667	25
20020412	NaN	26613.41667	26281.08333	21.7
20020413	NaN	24881.20833	24580.54167	30
20020414	NaN	24278.5	23028.45833	24.4
20020415	NaN	26083.375	26175.54167	18.9
20020416	NaN	26187.70833	26383	17.8
20020417	NaN	26267.79167	26005.83333	17.2
20020418	NaN	26345.58333	26316.875	17.8
20020419	NaN	26239.125	26317.58333	18.9
20020420	NaN	23828.125	24073.625	20
20020421	NaN	23304.45833	23079.08333	25.6
20020422	NaN	26712.83333	26637.04167	27.8
20020423	NaN	27167.16667	26865.33333	25.6
20020424	NaN	26923.54167	26789.95833	20
20020425	NaN	26857.91667	26721.91667	20
20020426	NaN	26144.79167	26199.54167	15.6
20020427	NaN	23502.79167	23581.83333	16.7
20020428	NaN	22934.95833	23267.08333	22.8
20020429	NaN	26233.125	26020.20833	21.1
20020430	NaN	26253.375	26319	18.3
20020501	NaN	26116.625	26582.54167	18.9
20020502	NaN	26450.20833	26276.66667	20.6
20020503	NaN	26199.70833	26548.66667	22.2
20020504	NaN	23848.58333	23726.125	22.8
20020505	NaN	23387.70833	23025.875	21.7
20020506	NaN	26595.5	25874.25	22.2
20020507	NaN	26560.33333	26781.5	16.7
20020508	NaN	26260.125	26726.75	21.7
20020509	NaN	26902.33333	26604.75	23.9
20020510	NaN	26359.04167	26379.91667	21.1
20020511	NaN	24174.95833	24259.45833	23.3
20020512	NaN	24389.79167	23335.25	33.3
20020513	NaN	28017.16667	27665.375	31.7
20020514	NaN	28072.79167	27868.5	27.2
20020515	NaN	27674.79167	27659.04167	22.2
20020516	NaN	27656.66667	27877.20833	21.1
20020517	NaN	27547.5	27261.875	25
20020518	NaN	24626.54167	24640.70833	21.7
20020519	NaN	23944.54167	23466.625	20.6
20020520	NaN	26163.875	26623.875	17.8
20020521	NaN	26325.04167	26451.45833	18.9
20020522	NaN	26625.41667	26637.58333	23.3
20020523	NaN	26908.79167	27146.79167	22.8
20020524	NaN	27347.25	26973.08333	25
20020525	NaN	24907.875	24885.20833	22.8
20020526	NaN	23741.20833	23391.70833	22.2
20020527	NaN	24030.66667	24477.66667	23.3
20020528	NaN	27813.83333	28465.25	26.1
20020529	NaN	30066.20833	30088.875	33.3
20020530	NaN	31395.16667	30793.95833	29.4
20020531	NaN	30302.45833	30113.41667	28.9
20020601	NaN	25731.04167	27090.95833	25
20020602	NaN	24533.66667	24907.375	23.3
20020603	NaN	27724.625	28885.25	21.7
20020604	NaN	30083.70833	31878.33333	28.9
20020605	NaN	32674.33333	32946.16667	34.4
20020606	NaN	32172.95833	31994.20833	30.6
20020607	NaN	29582.91667	30501.20833	24.4
20020608	NaN	25633.70833	25952	23.3
20020609	NaN	24323.33333	24535.41667	21.7
20020610	NaN	28471.58333	28012.70833	23.3
20020611	NaN	29531.625	29095	24.4
20020612	NaN	29493	29906.08333	26.7
20020613	NaN	29120.5	29377.41667	27.8
20020614	NaN	28595.41667	29347.91667	28.9
20020615	NaN	26976.75	25688.625	31.7
20020616	NaN	26297.625	25782.79167	30.6
20020617	NaN	29805.70833	29609.375	30.6
20020618	NaN	29007.66667	29218.25	28.9
20020619	NaN	29472.29167	28683.20833	27.2
20020620	NaN	28609.04167	28270.33333	25
20020621	NaN	26873.79167	27740.08333	22.8
20020622	NaN	24773.66667	25701.54167	27.2
20020623	NaN	24834.625	24641.875	28.9
20020624	NaN	28805.66667	29096.54167	29.4
20020625	NaN	29851.20833	29630.08333	30
20020626	NaN	29138.91667	29636.45833	28.9
20020627	NaN	28652.625	29482.125	27.2
20020628	NaN	28430.08333	28970.33333	27.8
20020629	NaN	26829.83333	26806.08333	28.9
20020630	NaN	26954.70833	26933	28.3
20020701	NaN	30773.70833	31055.20833	32.8
20020702	NaN	30219.08333	31392.5	31.7
20020703	NaN	28753.41667	29044.125	26.1
20020704	NaN	24992.625	25087.54167	26.1
20020705	NaN	26811.625	27605.16667	26.7
20020706	NaN	26432.20833	27157.66667	28.3
20020707	NaN	26302.16667	26665	30
20020708	NaN	30777.54167	30712.16667	33.9
20020709	NaN	33104.70833	32896.54167	35
20020710	NaN	34058.95833	34530.66667	32.2
20020711	NaN	33050.125	34532.875	31.7
20020712	NaN	33074.375	32294.125	33.9
20020713	NaN	29053.33333	29809.875	31.1
20020714	NaN	28566.5	29068.66667	32.8
20020715	NaN	30754.25	31202.45833	30.6
20020716	NaN	30336.58333	30415.125	29.4
20020717	NaN	30442.375	30170.54167	28.9
20020718	NaN	30309.20833	30478.58333	28.3
20020719	NaN	30322	30093.45833	27.2
20020720	NaN	27891.04167	28118.79167	26.1
20020721	NaN	26040.95833	26895.375	26.1
20020722	NaN	29164.41667	30220.20833	28.9
20020723	NaN	30371.45833	30382.75	32.8
20020724	NaN	31553.83333	30917.33333	34.4
20020725	NaN	31719.375	32062	32.8
20020726	NaN	30674.66667	31266.375	29.4
20020727	NaN	27698.875	28040.91667	27.2
20020728	NaN	26212.125	26875.75	28.9
20020729	NaN	29584.66667	30163.58333	28.9
20020730	NaN	30438.75	30351.16667	30.6
20020731	NaN	30465.25	30338.45833	30
20020801	NaN	30711.83333	30640.41667	28.9
20020802	NaN	29966.20833	29350.70833	27.2
20020803	NaN	26750.125	26518.45833	27.2
20020804	NaN	25576.875	25213.58333	30.6
20020805	NaN	28975.25	28849.33333	29.4
20020806	NaN	29079.08333	29491.875	28.9
20020807	NaN	29415.08333	29888.5	29.4
20020808	NaN	30886.70833	30466.125	33.9
20020809	NaN	32181.45833	31319.33333	35
20020810	NaN	30287.20833	30141.20833	34.4
20020811	NaN	28972.375	29334.25	32.2
20020812	NaN	32167.75	32870.41667	31.7
20020813	NaN	31922.75	32894.58333	31.1
20020814	NaN	31356.04167	31583.125	30
20020815	NaN	31108.79167	30762.16667	28.9
20020816	NaN	30223.5	30186.70833	27.2
20020817	NaN	27188.70833	28195.08333	26.7
20020818	NaN	25894.45833	26084.29167	24.4
20020819	NaN	28223.25	28019.375	25
20020820	NaN	28169.375	29029.25	23.9
20020821	NaN	28171.79167	28259	25
20020822	NaN	28136.125	28202.58333	27.8
20020823	NaN	27973.95833	28267.75	28.9
20020824	NaN	26000.75	25704.125	30.6
20020825	NaN	25634.95833	25547.75	31.7
20020826	NaN	29664.875	29438.16667	30.6
20020827	NaN	30291.41667	30455.41667	28.3
20020828	NaN	29862.58333	30286.66667	27.8
20020829	NaN	29181.125	28951.83333	28.9
20020830	NaN	29177.41667	29050.54167	31.7
20020831	NaN	27263.83333	27762.33333	33.3
20020901	NaN	29037.66667	27763.75	40
20020902	NaN	30657.66667	28584	38.9
20020903	NaN	32318.91667	31588.08333	35
20020904	NaN	30813.29167	30400.625	33.9
20020905	NaN	29129.16667	29466.5	27.8
20020906	NaN	28277.04167	28486.5	30.6
20020907	NaN	25231.75	25374.91667	27.2
20020908	NaN	24427.83333	24494.625	30
20020909	NaN	28878.04167	29932.58333	31.7
20020910	NaN	30283.125	29305.33333	32.8
20020911	NaN	30217.33333	30417.04167	30.6
20020912	NaN	29804.20833	30330.33333	30
20020913	NaN	29270.58333	29414.125	31.7
20020914	NaN	27310.66667	27026	32.2
20020915	NaN	26284.70833	25953.20833	32.8
20020916	NaN	28251.20833	29534.45833	28.9
20020917	NaN	28382.45833	29654.125	27.8
20020918	NaN	28878.83333	29506.95833	27.2
20020919	NaN	30068.29167	30553.875	33.3
20020920	NaN	29956.16667	30125.70833	32.2
20020921	NaN	27751.54167	27463.75	32.8
20020922	NaN	27281.5	27529.66667	36.7
20020923	NaN	31317	31385.625	37.8
20020924	NaN	30896.875	31182.25	35
20020925	NaN	30192.04167	31031.83333	30.6
20020926	NaN	28781.875	30298.29167	26.1
20020927	NaN	26875.79167	27968	23.9
20020928	NaN	24304.41667	24400.58333	19.4
20020929	NaN	23263.125	23383.45833	22.8
20020930	NaN	25960.16667	26766.20833	18.9
20021001	NaN	25723.08333	26592.625	18.3
20021002	NaN	25572.54167	26112.25	21.1
20021003	NaN	25730.54167	26023.375	25
20021004	NaN	25791.5	26092.5	26.7
20021005	NaN	24199.25	24606.29167	29.4
20021006	NaN	24463.875	24742.08333	32.8
20021007	NaN	28417	29020.95833	33.9
20021008	NaN	28208.83333	28536.04167	31.1
20021009	NaN	27339.75	27777.125	28.3
20021010	NaN	26528.83333	26324.25	23.9
20021011	NaN	25646.08333	26035.91667	21.7
20021012	NaN	23095.54167	23825.5	22.2
20021013	NaN	22699.58333	23302.70833	26.7
20021014	NaN	25596.125	26444.20833	23.9
20021015	NaN	25499.75	25719.16667	18.9
20021016	NaN	25199.29167	25544.875	17.8
20021017	NaN	25158.54167	25301.41667	18.9
20021018	NaN	24810.70833	24956.875	20
20021019	NaN	22707.20833	22710.79167	22.8
20021020	NaN	22189.33333	22715.79167	21.7
20021021	NaN	25542.83333	25160.95833	18.9
20021022	NaN	25636.29167	25566.66667	17.8
20021023	NaN	25536.25	25649.54167	19.4
20021024	NaN	25483.33333	25450.5	18.3
20021025	NaN	25133.45833	25211.79167	17.2
20021026	NaN	22829.66667	22803.45833	18.3
20021027	NaN	22049.08333	22937.33333	20
20021028	NaN	24862	26084.58333	21.1
20021029	NaN	25312.29167	25477.375	18.9
20021030	NaN	25371.20833	25305.91667	19.4
20021031	NaN	25099	25169.91667	18.3
20021101	NaN	24972.54167	25081.70833	18.9
20021102	NaN	22835.29167	22666.75	21.1
20021103	NaN	22314.625	22365	25
20021104	NaN	25267.875	25727.79167	21.7
20021105	NaN	25685.54167	25305.25	26.1
20021106	NaN	25867.29167	25552.08333	27.2
20021107	NaN	25905	25753.875	21.1
20021108	NaN	25286	25541.33333	16.7
20021109	NaN	23443.66667	23340.08333	17.2
20021110	NaN	22445.66667	22561.45833	20.6
20021111	NaN	24837.625	25522.20833	26.1
20021112	NaN	25602.625	26120.75	27.8
20021113	NaN	25647.20833	25757.70833	24.4
20021114	NaN	25896.58333	25589.95833	25
20021115	NaN	25636.79167	25306.16667	27.8
20021116	NaN	23427.375	23255.04167	28.9
20021117	NaN	22749.33333	22857.54167	24.4
20021118	NaN	25817.54167	25343.875	26.7
20021119	NaN	26088.54167	25970.54167	30.6
20021120	NaN	26750.125	26234.5	30.6
20021121	NaN	26617.58333	26215.04167	31.1
20021122	NaN	25654.20833	25772.91667	26.1
20021123	NaN	23492	23563.16667	18.9
20021124	NaN	22949.29167	23018.33333	20.6
20021125	NaN	25453.75	26015.58333	21.7
20021126	NaN	25714.20833	25948.91667	24.4
20021127	NaN	25384.95833	25471	21.1
20021128	NaN	21991.79167	22343.41667	26.7
20021129	NaN	22541.25	22701.41667	21.1
20021130	NaN	22421.95833	22714.41667	18.3
20021201	NaN	22353.41667	23300.33333	19.4
20021202	NaN	25587.33333	26397.375	20.6
20021203	NaN	25892.5	26270	18.9
20021204	NaN	26122.25	25931.08333	21.7
20021205	NaN	26261.45833	26413.08333	24.4
20021206	NaN	25839.375	26190.58333	21.7
20021207	NaN	23754.25	23780.66667	18.3
20021208	NaN	23265.29167	22573.79167	21.7
20021209	NaN	26062.66667	26548.91667	20.6
20021210	NaN	26039.875	26951.75	17.8
20021211	NaN	26032.375	26739.83333	20.6
20021212	NaN	26034.66667	26165.20833	21.1
20021213	NaN	26071	26113.29167	19.4
20021214	NaN	23898.41667	23879.08333	18.3
20021215	NaN	23555.83333	23699	17.8
20021216	NaN	25872.75	26777.79167	15.6
20021217	NaN	25592.5	26460.20833	13.9
20021218	NaN	25977.25	26280.83333	16.1
20021219	NaN	26678.75	26146.66667	15.6
20021220	NaN	26188.45833	26274.20833	14.4
20021221	NaN	24042.08333	24117.25	12.2
20021222	NaN	23653.91667	23549.70833	15.6
20021223	NaN	25429.91667	26101.91667	15.6
20021224	NaN	24184.04167	24006.58333	13.9
20021225	NaN	22840.375	23011.08333	16.7
20021226	NaN	24622.41667	25029.70833	17.2
20021227	NaN	24331.45833	24694.125	21.1
20021228	NaN	23457.70833	23092.91667	18.9
20021229	NaN	22845.41667	22867	14.4
20021230	NaN	24920.375	24738.875	17.8
20021231	NaN	23829.29167	23795.20833	15.6
