# precio mensual gasolina extra bogota
# 1999-01-01  hasta 2021-10-01
# http://www.sipg.gov.co/sipg/Home/SectorHidrocarburos/PreciosdeCombustibles/tabid/75/language/es-ES/Default.aspx
x
1609.11
1671.97
1755.12
1819.90
2027.05
2040.84
2066.60
2457.88
2629.61
2705.20
2448.54
2446.87
2447.77
2537.49
2809.44
3163.68
3163.70
3163.70
3255.70
3255.70
3054.96
3054.96
3054.96
3054.96
2884.22
3140.90
3302.85
3302.85
3302.85
3302.85
3302.85
3302.85
3139.66
3139.66
2905.99
2622.65
2539.79
2539.79
2574.54
2748.54
2748.54
2864.54
2906.30
2906.30
3022.30
3194.01
3296.90
3296.90
3325.57
5891.06
3613.83
3639.26
3645.18
3671.40
3822.20
3878.86
4071.42
4122.12
4178.49
4178.49
4215.34
4245.68
4320.89
4384.69
4418.75
4604.35
4604.35
4604.35
4631.03
4634.53
4808.53
4808.53
4808.53
4820.94
4855.11
4855.11
4971.11
4971.11
4971.11
5029.11
5261.11
5377.11
5494.71
5494.71
5357.73
5377.65
5712.30
5448.71
5679.29
5689.29
5739.29
5858.67
5895.23
5919.97
5893.20
5871.97
5967.66
5965.08
5970.56
5944.20
5944.20
6021.10
6007.35
6007.35
6014.41
6021.48
6021.48
6068.46
6159.59
6170.97
6203.43
6276.51
6324.56
6594.64
6759.35
6950.38
6978.17
6987.14
6996.71
6735.36
6218.06
5887.56
5935.22
5779.35
5757.55
5821.95
6021.40
6046.40
6074.91
6100.60
6113.58
6191.88
6258.07
6433.88
5700.63
5894.29
6048.29
6048.29
5829.88
5829.88
5829.88
5829.88
5829.88
5821.01
6074.67
6908.25
7037.54
7191.57
7203.56
7341.56
7345.56
7532.44
7540.30
7532.30
7624.03
7631.20
7633.13
7648.94
7773.78
7645.26
7727.88
7576.13
7435.96
7435.27
7562.23
7638.18
