"NYSEVOL"	"RTRR"
5.86	NA
7.02	NA
10.11	NA
10.56	NA
6.61	NA
5.55	NA
4.38	NA
2.72	NA
3.8	NA
8.04	NA
17.29	NA
19.13	NA
26.04	NA
17.85	NA
21.94	NA
34.9	NA
31.12	NA
16.78	NA
14.35	NA
9.14	NA
11.12	NA
10.96	NA
15.32	NA
12.29	NA
11.86	NA
10.36	NA
9.27	NA
22.4	NA
11.79	NA
6.78	NA
14.71	NA
13.12	NA
19.25	NA
14.45	NA
15.1	NA
13.83	NA
14.19	NA
8.73	NA
12.39	NA
10.41	NA
10.61	NA
13.52	NA
13.16	NA
12.9	NA
9.47	NA
10.51	NA
9.32	NA
12.51	NA
10.21	NA
7.29	NA
10.09	NA
7.32	NA
4.32	NA
4.17	NA
10.74	NA
9.78	NA
16.64	NA
28.72	NA
26.58	NA
21.72	NA
17.91	NA
22.34	NA
23.8	NA
22.63	NA
16.71	NA
9.95	NA
11.44	NA
17.25	NA
13.78	NA
13.81	NA
20.1	NA
20.79	NA
29.99	NA
15.95	NA
13.68	NA
17.92	NA
16.54	NA
15.64	NA
12.51	NA
26.39	NA
21.38	NA
17.71	NA
17.22	NA
16.8	NA
18.16	NA
12.87	NA
26.07	NA
14.97	NA
12.9	NA
8.19	NA
10.94	NA
12.3	NA
9.14	NA
13.63	NA
7.89	NA
9.82	NA
13.13	NA
7.71	NA
12.73	NA
9.64	NA
17.83	NA
8.12	NA
11.28	NA
15.03	NA
15.15	NA
12.47	NA
22.38	NA
19.76	NA
15.23	NA
10.98	NA
12.35	NA
17.7	NA
15.39	NA
19.21	NA
12.35	NA
23.21	NA
19.2	NA
20.45	NA
15.65	NA
16.09	NA
22.53	NA
14.99	NA
14.49	NA
13.99	NA
11.89	NA
16.46	NA
14.39	NA
10.47	NA
7.69	NA
13.37	NA
10.75	NA
10.07	NA
10.31	NA
10.1	NA
6.89	NA
5	NA
10.62	NA
10.37	NA
5.39	NA
14.99	NA
16.78	NA
11.01	NA
14.89	NA
8.99	NA
11.33	NA
7.01	NA
14.46	NA
16.82	NA
13.55	NA
7.72	NA
7.12	NA
8.89	NA
9.61	NA
14.06	NA
9.62	NA
12.5	NA
8.68	NA
6.58	NA
7.16	NA
8.44	NA
5.52	NA
9.55	NA
5.15	NA
6.06	NA
7.66	NA
7.36	NA
3.73	NA
7.08	NA
9.99	NA
6.18	NA
5.82	NA
7.05	NA
4.69	NA
3.99	NA
7.83	NA
0	NA
0	NA
0	NA
0	NA
1.87	NA
5.03	NA
4.34	NA
7.81	NA
20.98	NA
12.56	NA
11.03	NA
14.17	NA
20.42	NA
18.37	NA
26.62	NA
17.47	NA
13.7	NA
15.89	NA
12.06	NA
15.07	NA
12.54	NA
16.28	NA
12.66	NA
9.2	NA
14.42	NA
30.09	NA
28.37	NA
34.47	NA
31.59	NA
16.45	NA
13.66	NA
18.54	NA
14.24	NA
19.56	NA
18.91	NA
12.89	NA
11.7	NA
13.77	NA
17.45	NA
14.81	NA
12.8	NA
12.96	NA
11.25	NA
8.25	NA
7.28	NA
20.95	NA
11.45	NA
8.48	NA
6.85	NA
7.85	NA
20.25	NA
14.88	NA
11.95	NA
11.64	NA
12.17	NA
21.2	NA
28.63	NA
34.54	NA
31.83	NA
34.44	NA
24.3	NA
24.01	NA
37.29	NA
30.19	NA
24.96	NA
19.99	NA
22.86	NA
28.95	NA
28.4	NA
16.59	NA
9.32	NA
12.56	NA
13.79	NA
15.41	NA
13.65	NA
22.26	NA
24.27	NA
16.11	NA
10.27	NA
15.94	NA
15.73	NA
17.1	NA
18.4	NA
9.25	NA
11.04	NA
12.76	NA
13.12	NA
15.3	NA
17.92	NA
15.48	NA
16.11	NA
22.56	NA
30.55	NA
29.58	NA
24.46	NA
15.41	NA
17.83	NA
21.87	NA
25.69	NA
21	NA
19.75	NA
20.45	NA
22.81	NA
25.9	NA
20.18	NA
23.25	NA
19.91	NA
12.6	NA
13.41	NA
14.67	NA
15.87	NA
22.53	NA
24.55	NA
27.05	NA
20.6	NA
18.33	NA
17.81	NA
13.68	NA
16.97	NA
24.31	NA
22.82	NA
18.46	NA
17.89	NA
41.9	NA
43.76	NA
41.86	NA
33.3	NA
39.27	NA
25.28	NA
36.94	NA
31.19	NA
33.03	NA
33.04	NA
37.39	NA
79.59	NA
49.62	NA
43.41	NA
39.23	NA
35.7	NA
52.29	NA
30.5	NA
23.42	NA
39	NA
37.05	NA
44.81	NA
37.39	NA
40.09	NA
31.3	NA
41.77	NA
34.58	NA
44.52	NA
49.64	NA
49.84	NA
46.69	NA
48.8	NA
39.02	NA
51.05	NA
51.72	NA
50.64	NA
51.7	NA
62.63	NA
57.58	NA
47.04	NA
85.98	NA
81.5	NA
84.75	NA
65.24	NA
38.8	NA
68.77	NA
92.2	NA
98.9	NA
114.9	NA
123.18	NA
110.8	NA
77.97	NA
105.63	NA
82.59	NA
91.31	NA
69.55	NA
93.38	NA
95.7	NA
100.06	NA
141.67	NA
72.46	NA
83.67	NA
62.31	NA
68.72	NA
96.56	NA
111.04	NA
78.04	NA
76.59	NA
47.75	NA
39.87	NA
53.55	NA
65.5	NA
52.15	NA
58.76	NA
42.5	NA
64.18	NA
65.66	NA
54.35	NA
46.66	NA
58.64	NA
33.55	NA
24.83	NA
51.04	NA
47.92	NA
37.36	NA
50.11	NA
34.36	NA
31.72	NA
33.03	NA
31.47	NA
23.14	NA
23	NA
23.06	NA
82.63	NA
67.38	NA
29.2	NA
23.05	NA
23.2	NA
18.72	NA
19.31	NA
20.1	NA
52.9	NA
104.21	NA
125.62	NA
120.27	NA
42.46	NA
43.33	NA
39.37	NA
33.65	NA
34.88	NA
54.57	NA
56.83	NA
29.91	NA
29.85	NA
25.34	NA
16.8	NA
21.11	NA
16.69	NA
12.64	NA
15.66	NA
20.87	NA
23.59	NA
19.41	NA
14.4	NA
15.85	NA
22.41	NA
30.44	NA
22.34	NA
29.43	NA
42.93	NA
34.73	NA
46.66	NA
57.46	NA
45.59	NA
67.2	NA
60.88	NA
51.02	NA
39.61	NA
20.61	NA
21.43	NA
33.39	NA
26.56	NA
30.87	NA
44	NA
50.47	NA
48.6	NA
58.67	NA
47.56	NA
50.35	NA
34.61	NA
18.55	NA
16.45	NA
20.72	NA
17.21	NA
33.85	NA
51.13	NA
29.25	NA
28.42	NA
24.15	NA
14.53	NA
23	NA
17.12	NA
14	NA
24.37	NA
38.77	NA
20.73	NA
23.83	NA
41.56	NA
27.92	NA
27.47	NA
25.18	NA
13.87	NA
24.56	NA
20.25	NA
12.94	NA
11.96	NA
18.07	NA
17.37	NA
57.09	NA
23.73	NA
19.23	NA
17.77	NA
15.99	NA
13.47	NA
16.27	NA
26.7	NA
38.96	NA
15.57	NA
8.31	NA
7.61	NA
11.94	NA
14.49	NA
20.89	NA
18.4	NA
13.31	NA
8.97	NA
10.12	NA
11.19	NA
9.67	NA
10.46	NA
17.87	NA
10.86	NA
13.55	NA
13.15	NA
15.05	NA
36.39	NA
12.99	NA
7.93	NA
8.59	NA
7.59	NA
7.23	NA
7.47	NA
8.37	NA
7.39	NA
9.45	NA
15.93	NA
13.44	NA
19.31	NA
18.03	NA
24.43	NA
37	NA
33.55	NA
35.05	NA
23.42	NA
26.32	NA
14.25	NA
14.69	NA
13.92	NA
18.25	NA
19.53	NA
17.81	NA
17.1	NA
27.64	NA
13.85	NA
17.23	NA
37.71	NA
28.22	NA
20.75	NA
16.24	NA
17.53	NA
18.02	NA
31.26	NA
39	NA
32.61	NA
27.49	NA
28.27	NA
32.02	NA
41.31	NA
19.98	NA
43.43	NA
25.13	NA
35.48	NA
40.41	NA
34.15	NA
51.51	NA
34.09	NA
25.66	NA
31.43	NA
30.41	NA
21.72	NA
20.6	NA
20.81	NA
43.45	NA
30.38	NA
23.82	NA
39.34	NA
23.56	NA
23.76	NA
19.34	NA
20.62	NA
20.62	NA
17.48	NA
25.47	NA
14.15	NA
16.02	NA
27.78	NA
17.22	NA
27.61	NA
20.22	NA
16.8	NA
22.99	NA
34.61	NA
42.77	NA
30.92	NA
24.59	NA
15.04	NA
17.56	NA
20.43	NA
28.32	NA
27.96	NA
18.83	NA
17.18	NA
21.14	NA
19	NA
18.18	NA
17.77	NA
18.75	NA
21.79	NA
23.84	NA
28.89	NA
27.24	NA
39.29	NA
42.58	NA
33.41	NA
40.41	NA
48.24	NA
41.6	NA
45.65	NA
43.85	NA
38.47	NA
38.59	NA
48.39	NA
43.09	NA
59.82	NA
70.18	NA
41.23	NA
35.63	NA
34.29	NA
38.46	NA
27.4	NA
27.99	NA
33.64	NA
36.39	NA
42.53	NA
25.68	NA
30.08	NA
37.14	NA
27.2	NA
29.51	NA
28.96	NA
23.66	NA
25.52	NA
24.12	NA
20.9	NA
24.14	NA
25.98	NA
30.24	NA
40.52	NA
34.09	NA
30.21	NA
42.47	NA
34.37	NA
25.77	NA
26.08	NA
22.23	NA
23.89	NA
27.17	NA
25.73	NA
26.68	NA
36.16	NA
33.37	13712
33.29	14055
44.13	14020
43.87	13991
41.91	13957
42.22	14272
51.85	13991
56.93	13996
41.23	14073
44.18	14081
63.93	14406
76.46	14671
74.65	14765
60.72	14896
66.87	15005
53.79	15255
45.43	15260
58.15	15126
48.51	15404
41.81	15418
60.1	15677
41.18	15715
46.38	15652
50.99	15531
47.2	15495
46.4	15370
60.36	15663
54.11	15516
53.23	15771
37.2	15797
45.71	15744
44.52	15826
37.23	15906
40.34	15933
43.55	16106
46.41	16193
48.16	16329
37.58	16635
35.65	16453
48.31	16493
52.56	16534
44.48	16820
48.26	16799
41.41	16967
36.87	16841
64.29	16782
48.22	16699
54.47	16647
49.87	16659
40.2	16374
46.68	16319
50.31	16535
54.18	16517
56.62	16476
69.5	16746
62.37	16853
71.97	16745
95.09	16662
74.37	17048
75.92	17605
120.54	17583
65.79	17712
82.45	17860
75.89	17871
70.97	18011
64.35	18175
70.89	18169
51.05	18285
57.52	18046
61.33	18178
64.56	17699
73.24	17617
63.93	18092
60.53	18159
65.72	18139
57.29	18615
68.83	18337
75.53	18312
53.87	18128
65.35	18190
60.85	18173
54.43	18333
62	18071
77.35	17939
89.11	17953
92.8	17889
118.03	18078
101.78	17758
96.95	18025
73.12	18159
60.9	18145
81.53	18345
63.86	18377
72.99	18708
87.79	18840
82.4	18847
80.88	19009
66.13	19011
68.48	19331
65.26	19436
243.7	19568
96.27	19317
74.16	19623
77.46	19745
62.89	19804
78.72	20115
96.06	20220
80.96	20216
100.61	20301
79.19	20148
71.37	20309
109.93	20397
105.19	20268
90.56	20419
76.28	20656
87.03	20630
111.19	20579
122.26	20937
93.97	     20701
98.73 	21156
116.63	21046
88.14	      21143
113.99	21296
123.54	21472
99.16	     21762
96.18	     21779
102.59	21887
82.31	22195
109.79	22404
106.58	21538
93.64	21740
104.04	22751
109.13	22918
112.29	23063
124.83	22834
119.14	23026
110.21	23383
125.27	23243
85.18 	23622
109.17	23697
155.46	23760
164.2	     24373
147.19	24667
191.18	24755
182.9	     24919
166.32	24993
191.52	25430
186.2	      25084
171.46	24653
140.65	25222
119.94	25328
162.47	25615
120.16	25667
146.38	25557
145.94	25566
165.55	25384
207.58	24156
183.08	23912
224.78	24153
187.79	24214
218.52	24104
212.65	24826
216.69	24654
207.86	24660
205.03	25360
224.9 	24974
211.56	25561
229.53	26295
262.84	25821
174.45	26126
192.73	26756
295.57	26695
292.07	26866
257.37	27306
242.53	27649
194.06	28012
228.39	27416
272.02	28185
251.95	28882
267.57	28467
266.69	28774
210.33	28983
199.2	     28750
237.02	28915
256.66	29192
235.26	29008
228.31	29025
201.77	29365
219.22	29769
310.18	30095
213.7  	30070
272.45	30346
221.16	30439
218.49	30581
212.97	30295
223.21	30654
258.29	31092
226.46	31290
227.87	31552
218.81	31542
302.89	31640
261.5	     31901
230.38	31195
335.31	32109
348.57	32878
371.26	33214
389.98	33260
401.65	33878
303.15	33679
303.65	34311
265.31	34416
320.62	34608
252.8	     35205
280.15	35630
276.42	36043
377.76	36020
379.52	35746
376.34	36044
403.73	36975
368.03	37066
316.35	37555
314.56	37800
288.99	38002
357	38364
246.28	39088
317.4	     39639
405.65	39906
344.77	40808
393.8	    41508
318.3	     42112
342.41	42432
278	42121
337.24	42121
268.72	42508
307.76	42521
270.51	42648
329.08	43221
422.9	  43461
399.93	43807
384.54	42669
363.14	43204
256.83	43461
309.01	44087
254.28	44676
275.26	45187
245.36	45297
274.09	46026
280.11	47335
279.96	46203
377.11	45770
286.82	45531
315.14	44836
432.53	46482
423.74	47158
453.6	     46091
447.32	46729
457.52	48890
446.97	48836
441.67	49599
281.43	50134
275.11	50232
365.54	50565
318.86	50775
348.95	51568
635.85	52854
596.14	52482
530.58	52830
392.24	53868
355.88	53433
417.21	54540
393.78	54946
346.66	54650
414.8  	54655
361.36	55476
381.04	55707
534.58	57294
501.62	56888
398.48	58198
434.77	58679
403.02	59589
425.86	59328
484.17	59643
449.52	60327
433.05	60275
383.7	     60539
413.52	61743
494.71	62232
451.35	62517
428.15	61283
368.6	     62730
497.63	64277
695.67	65882
775.85	66305
671.26	67452
541.41	67017
865.01	67902
672.12	68218
682.21	69432
514.64	70495
492.51	71429
615.62	70989
475.73	71588
650.12	73031
620.73	72863
623.65	73617
728.47	73932
680.78	73614
825.08	76338
714.05	77092
858	76539
653.67	77560
710.29	77782
1158.48	79430
956.65	78770
876.41	77585
674	76556
764.86	76602
829.69	77656
1021.71	79279
966.21	80067
1057.73	80325
1031.99	82197
989.25	82870
1025.32	82971
955.71	84926
816.44	86031
1174.55	86554
1123.45	85996
905.57	85364
1101.04	86146
954.06	86817
920.59	88194
959.05	87829
996.32	86642
988.07	86504
959.15	86874
968.39	85933
972.22	88204
1270.23	87401
1136.44	87805
1026.56	88770
1110.59	87351
1145.12	88899
1672.67	88464
1547.91	89670
2068.66	90712
1857.05	92119
1682.2	92135
1857.73	91521
1615.5	91774
1902.04	94219
1792.53	94479
1953.34	96062
1974.03	98278
1590.23	98854
1706.39	97382
1740.18	99241
1794.34	100780
1814.51	102092
1848.85	102734
2215.87	105065
1932.82	104941
1855.22	104203
1717.48	106137
1939.74	106830
1804.32	108358
1603.28	106655
2527.52	106064
1769.05	107569
2108.54	108090
1757.53	110153
1780.64	109688
2673.98	110516
2194.28	111701
2154.4	112269
1982.12	113720
2350.18	114433
2117.47	113795
2462.95	113994
1924.3	115629
1860.29	118888
2543.09	115440
2445.27	115997
2802.36	117447
2879.18	118585
2899.22	117480
3215.1	116665
3239.87	117409
2680.11	119114
2649.17	119240
3029.59	119647
2701.99	120871
3167.45	127973
3016.57	122617
2940.75	122048
3261.01	127561
4040.8	119274
3386.08	125245
3965.51	126055
3929.82	127244
3417.97	127155
3594.36	128646
3967.83	129596
4063.02	132366
3723.69	130489
6094.58	129879
3590.25	130305
3927.34	132463
3495.1	132604
3693.76	133262
4052.35	135997
3260.74	135080
3232.03	136369
4306.99	137281
3338.32	137452
3327.36	138199
3059.74	137385
3415.24	140871
2822.96	142047
2844.93	142990
3532.06	143931
3217.11	142132
3503.38	142698
3238.03	146155
3748.84	146425
3967.44	146228
3250.03	147384
3948.07	149862
3035.33	149208
4012.62	147874
3031.96	149422
3213.67	149796
3794.08	153685
2962.35	152957
3284.66	153309
2801.34	152706
3597.05	152198
3226.02	153539
3370.53	154119
4014.51	154830
2685.62	155980
3670.9	155623
3148.12	155930
3109.34	153775
3636.39	151188
4272.92	153632
3900.13	155289
4011.43	154907
3741.96	155915
3259.25	156468
3457.64	156522
3772.75	155760
3246.51	156387
4084.67	155437
3726.82	155675
4155.56	156103
5267.77	158997
4292.32	160455
4081.55	160000
4319.54	159843
3666.39	160635
4296.02	160914
4273.83	161666
3647.05	162931
4019.43	164102
4468.62	166885
4154.41	167133
4888.74	168991
5311.48	169529
5465.89	168830
6131.27	167294
6204.69	170530
5101.97	172024
5531.01	172299
5303.16	173382
5495.72	174365
5522.09	174474
5936.42	177708
5866.57	178762
5778.41	180516
6629.39	178828
5831.56	181958
6862.95	185303
5365.77	183429
5666.55	183395
5836.94	185089
4977.13	185287
6398.86	187973
6157.46	189465
6369.27	191789
6253.03	192611
6346.09	192913
6835.48	193218
6334.38	NA
7829.06	NA
6306.65	NA
7558.96	NA
7535.43	NA
7302.15	NA
7128.57	NA
7055.69	NA
8033.8	NA
7575.68	NA
7721.61	NA
9190.24	NA
8754.06	NA
8985.55	NA
8861.8	NA
8910.93	NA
7926.92	NA
8812.88	NA
7377.86	NA
8077.53	NA
9703.96	NA
8939.61	NA
9094.83	NA
11622.48	NA
9738.94	NA
10031.76	NA
10486.44	NA
10131.85	NA
10925.42	NA
11996.71	NA
10634.11	NA
11428.1	NA
14031.74	NA
10252.44	NA
12032.12	NA
12189.57	NA
11726.32	NA
13722.69	NA
13688.52	NA
11524.53	NA
13585.96	NA
14188.26	NA
15099.45	NA
16727	NA
18549.41	NA
13501.5	NA
15241.35	NA
16234.05	NA
14549.52	NA
18002.47	NA
18518.99	NA
15949.53	NA
16126.42	NA
15359.96	NA
15818.49	NA
16447.46	NA
18831.44	NA
18343.15	NA
19669.7	NA
21484.25	NA
20917.63	NA
26182.77	NA
20140.41	NA
19919.34	NA
21703.32	NA
19076.89	NA
20379.2	NA
20825.86	NA
25972.21	NA
21700.52	NA
24175.31	NA
27844.01	NA
21631.06	NA
27970.18	NA
25529.16	NA
24568.46	NA
24674.21	NA
23878.29	NA
23590.73	NA
25416.71	NA
30228.52	NA
26671.82	NA
25506.1	NA
29943.23	NA
26254.8	NA
26742.87	NA
28760.82	NA
27152.06	NA
31739.6	NA
41498.59	NA
29510.54	NA
28180.28	NA
38060.91	NA
29087.29	NA
26204.95	NA
30969.34	NA
25391.56	NA
30224.56	NA
29876.91	NA
31261.54	NA
31842.43	NA
31924.52	NA
25207.01	NA
30171.34	NA
32891.1	NA
24572.37	NA
28065.2	NA
33261.2	NA
28142.48	NA
33982.41	NA
32018.15	NA
30000.65	NA
28799.13	NA
29780.65	NA
27357.48	NA
27766.61	NA
32413.46	NA
31383.37	NA
32192.9	NA
32367.8	NA
29986.64	NA
37017.11	NA
35548.93	NA
