y
-0.0075346286
-0.0240336436
-0.0203262679
-0.0422579504
-0.0282635996
-0.0126035843
-0.0107636575
 0.0025478137
 0.0023481223
 0.0050404457
 0.0428328493
-0.0054136994
 0.0029520494
-0.0129766162
-0.0085704911
-0.0062503840
-0.0147819623
 0.0150596887
 0.0203351679
 0.0363808506
 0.0435684256
 0.0218840666
 0.0478859156
 0.0412591069
 0.0380627057
 0.0127058054
 0.0355540279
 0.0273922743
 0.0176399678
 0.0227228408
 0.0242316427
-0.0009018810
 0.0062497161
-0.0009572864
 0.0013239802
 0.0082214158
 0.0169618031
 0.0044583137
 0.0280687184
 0.0364653093
 0.0301296898
 0.0155952454
-0.0012169478
-0.0058090690
-0.0052794170
-0.0098644843
-0.0258284991
-0.0194361149
 0.0029913450
 0.0143222476
 0.0024105540
 0.0128425072
 0.0018871296
-0.0283130655
-0.0390010522
-0.0132088376
-0.0066936660
 0.0243235561
-0.0017546056
-0.0055020028
-0.0174624488
 0.0080381772
-0.0207132031
 0.0104971674
 0.0104655940
 0.0139965731
 0.0216393352
 0.0169143914
 0.0363398155
 0.0334514676
-0.0051140812
-0.0172477598
-0.0199918727
-0.0160609532
-0.0376613850
-0.0174111526
-0.0076459990
 0.0211797159
 0.0128989122
 0.0314165029
-0.0219286045
 0.0034618439
-0.0313806437
-0.0015312891
 0.0203656726
 0.0239305269
-0.0118616810
-0.0127348176
 0.0010787534
 0.0070766895
 0.0112868096
-0.0151447768
-0.0310709140
-0.0438819739
 0.0144829030
 0.0199928960
 0.0128485537
 0.0087144186
-0.0158797153
-0.0237695861
-0.0185075345
-0.0013290433
-0.0340014358
-0.0044059196
-0.0226502264
-0.0268154569
-0.0164772020
-0.0102360380
-0.0239427982
-0.0280005681
 0.0125246547
 0.0279721399
 0.0299813729
 0.0258815000
 0.0198252061
-0.0148424336
 0.0116914804
-0.0144004795
-0.0257383916
-0.0222122197
-0.0333779569
-0.0242150550
 0.0179987700
 0.0268740923
 0.0111940193
-0.0143516055
-0.0205027780
-0.0344627510
-0.0118888122
-0.0008798823
-0.0102942412
-0.0268892357
 0.0038872167
-0.0030703942
 0.0038551211
-0.0136933194
-0.0075019313
-0.0161319792
-0.0127999381
-0.0126002181
 0.0297866802
-0.0026899194
-0.0049824696
-0.0234421864
-0.0188999696
 0.0324481014
 0.0381116095
-0.0071352949
 0.0186066234
 0.0075568609
 0.0299512925
 0.0108671258
 0.0342373578
 0.0208059242
 0.0362514211
 0.0250228212
 0.0114694073
 0.0203148130
-0.0137465875
-0.0410479025
-0.0510820475
-0.0371738444
-0.0183602140
 0.0128046826
-0.0257627934
 0.0293068983
 0.0102649805
 0.0465650961
 0.0038674248
-0.0181298286
-0.0443779275
-0.0290488350
-0.0873861131
-0.0478644572
-0.0602876504
-0.0141508650
-0.0474202094
-0.0423486956
-0.0193411348
-0.0025744750
-0.0183957179
-0.0373277423
-0.0089633510
-0.0320994992
-0.0150655512
-0.0182704636
-0.0315330497
-0.0067808770
 0.0027109183
-0.0314266478
-0.0149937314
-0.0355790395
-0.0125646072
-0.0356667116
 0.0085508408
-0.0121190808
 0.0243818729
 0.0112034485
 0.0353183237
-0.0027091960
 0.0305325944
 0.0137095831
-0.0062247108
-0.0204524817
-0.0090540385
 0.0039799535
-0.0163975855
 0.0094157197
 0.0236766410
 0.0292923752
 0.0336398547
 0.0095583087
-0.0064340811
 0.0204166917
-0.0231805083
 0.0047926161
 0.0361172699
 0.0734882170
 0.0407294102
 0.0730138308
 0.0435991989
 0.0314400038
 0.0054633007
 0.0105985856
-0.0307990686
-0.0133691446
-0.0149593947
-0.0069016932
-0.0136534537
-0.0063052075
 0.0053869840
-0.0189676236
 0.0022092030
-0.0290541116
-0.0283991343
-0.0370484778
-0.0029842809
-0.0174304616
 0.0172662116
-0.0106041395
 0.0005221154
-0.0262397922
-0.0024855289
-0.0220521109
-0.0253480617
-0.0278519563
-0.0309843287
-0.0256626701
 0.0100898449
 0.0139643911
 0.0313099859
 0.0241270768
 0.0250768627
 0.0443946610
-0.0005450361
 0.0247037118
 0.0072050788
 0.0097776600
 0.0180338767
 0.0357607932
 0.0049019472
 0.0262677356
 0.0240369572
 0.0462909642
 0.0231310468
 0.0402788220
 0.0113422813
-0.0198111151
-0.0129618610
-0.0281082658
 0.0029497524
 0.0055102167
-0.0026445824
-0.0048367185
-0.0228712617
-0.0317944978
-0.0380065013
-0.0528906642
 0.0006747209
-0.0087275301
 0.0257575566
 0.0212892934
 0.0442290363
 0.0202761068
 0.0458918744
-0.0200235797
 0.0153304327
-0.0232877923
-0.0134387296
-0.0127085043
 0.0105173747
 0.0174571693
 0.0258355955
 0.0243175310
 0.0085066627
-0.0056216865
 0.0079823048
-0.0110768509
 0.0239340018
 0.0210440737
 0.0232034158
 0.0288450305
 0.0258674590
 0.0261248012
 0.0145552252
-0.0040443092
-0.0504220908
-0.0398654972
-0.0214561810
 0.0075170821
-0.0026154198
 0.0036385098
 0.0022526700
 0.0217097387
 0.0019566583
 0.0067062795
-0.0150075597
 0.0084789864
-0.0202590825
 0.0111480560
-0.0345727934
-0.0022806570
-0.0689184714
-0.0503165887
-0.0493516051
-0.0330206635
-0.0357518137
-0.0248196787
-0.0215262733
-0.0204139622
 0.0065005019
 0.0003605296
-0.0036556796
 0.0006634521
-0.0230019953
-0.0004928527
