y
 0.0084596634
-0.0128314755
-0.0019349318
 0.0018936755
-0.0007885427
-0.0041192997
 0.0125787508
-0.0129426472
 0.0120484259
 0.0014688527
 0.0298643809
 0.0279295507
 0.0406269211
 0.0086951998
 0.0246312527
 0.0148797827
 0.0085414985
 0.0021085705
-0.0012919647
-0.0215342614
-0.0006261411
-0.0089545363
 0.0019411427
 0.0006737421
 0.0176918613
-0.0242399945
 0.0001158206
-0.0340259529
-0.0207036233
-0.0568174226
-0.0129153983
 0.0005444860
-0.0020725716
 0.0075884343
-0.0247622100
-0.0193964194
-0.0661985934
-0.0502004305
-0.0579704857
-0.0396452485
-0.0669989375
-0.0452375019
-0.0522762707
-0.0213127669
-0.0544349190
-0.0270494337
-0.0536127871
-0.0467060345
-0.0658331400
-0.0116114557
-0.0424539102
 0.0081809738
-0.0036734895
 0.0231426984
-0.0101984545
-0.0279027139
-0.0192848190
-0.0367270900
-0.0271373671
-0.0415367216
 0.0235975788
 0.0132655538
 0.0304494867
 0.0304948971
 0.0547898158
 0.0563232298
 0.0526378274
 0.0280432358
 0.0668146379
 0.0308605754
 0.0545670893
 0.0483581372
 0.0526847488
 0.0222836879
 0.0377433326
-0.0044772830
 0.0147140391
-0.0003941385
 0.0055103835
 0.0220243946
 0.0428001128
 0.0651547446
 0.0845734969
 0.0965977991
 0.0698127095
 0.0461426881
 0.0458520948
 0.0287114545
 0.0188646387
 0.0068365489
-0.0089404594
 0.0165762392
-0.0030800483
-0.0115944708
-0.0092067376
-0.0122905214
-0.0131107324
 0.0170189472
 0.0194192384
 0.0413502983
 0.0240965300
 0.0154750566
 0.0080405039
 0.0038454023
-0.0200740337
-0.0365276711
-0.0441015430
-0.0378148205
-0.0544879429
-0.0135131052
-0.0368725437
-0.0227203984
-0.0309739240
-0.0225492161
-0.0259991240
-0.0192732247
-0.0485158759
-0.0416058331
-0.0300777406
-0.0310881168
-0.0089599741
-0.0107234740
-0.0306313358
 0.0163768135
-0.0235597044
-0.0080035760
-0.0245540616
 0.0034858453
-0.0181924658
 0.0119893638
 0.0211504086
-0.0103886290
 0.0114925923
-0.0041926015
 0.0197152205
 0.0148880483
 0.0610807832
 0.0391735429
 0.0662220921
 0.0441320294
 0.0640976154
 0.0574106996
 0.0623713870
 0.0725936559
 0.0315567553
 0.0459214728
 0.0253568796
 0.0071884486
 0.0409167462
 0.0244121208
 0.0342723779
-0.0051918098
 0.0403143666
 0.0265680396
 0.0308733824
 0.0586817949
 0.0344057922
 0.0636518117
 0.0541285038
 0.0627510834
 0.0344971101
 0.0373417411
 0.0256584986
 0.0401960276
 0.0263891449
 0.0478235143
 0.0343383553
 0.0297279147
 0.0377229204
 0.0231545453
 0.0301571201
 0.0261674775
 0.0101284355
 0.0188604223
 0.0067691780
 0.0072551661
-0.0056402317
 0.0211104495
-0.0149612613
-0.0023612743
 0.0066035430
-0.0009744374
-0.0062071233
-0.0120231106
-0.0379430693
-0.0236460189
-0.0065289872
-0.0479411778
-0.0137287706
-0.0241010917
-0.0199705399
-0.0222137570
-0.0328489556
-0.0486191570
-0.0634447103
-0.0612779359
-0.0675169798
-0.0652848870
-0.0355767086
-0.0444251021
-0.0435369272
-0.0709949739
-0.0283945054
-0.0659615372
-0.0692716682
-0.0860452881
-0.0748630290
-0.0663584378
-0.0456800818
-0.0644683383
-0.0805390544
-0.0497107062
-0.0715785714
-0.0695043051
-0.0545930986
-0.0708475820
-0.0417439621
-0.0539642003
-0.0217267903
-0.0417631596
-0.0277915318
-0.0001800343
-0.0188036997
-0.0226963391
-0.0279559861
 0.0003105839
-0.0358247530
 0.0386399167
 0.0130100628
 0.0651084636
 0.0350663989
 0.0503456083
 0.0379650001
 0.0408105534
 0.0267858713
 0.0081977695
 0.0082684606
 0.0104389161
-0.0479258712
-0.0036437761
-0.0139027422
-0.0147213789
-0.0187615669
 0.0040724120
 0.0006124915
 0.0131424063
 0.0224751118
 0.0457747280
 0.0095046117
 0.0502243775
 0.0162777219
-0.0146844709
-0.0230002498
-0.0199614661
-0.0159853310
-0.0148534117
 0.0152763843
-0.0008729559
 0.0355195794
 0.0405690895
 0.0364714465
 0.0370515178
 0.0450804287
 0.0083594225
 0.0246407765
 0.0178272436
 0.0226628470
 0.0233962604
 0.0063242389
-0.0091659468
 0.0112609326
-0.0106237159
 0.0053380447
-0.0320993394
 0.0297341421
 0.0073394366
 0.0092766213
 0.0299198976
 0.0017592670
 0.0244680374
 0.0009795942
-0.0055895526
 0.0085854760
 0.0433479804
 0.0357295641
 0.0187917940
 0.0557269342
 0.0538381470
 0.0556615847
 0.0223802991
 0.0356448285
-0.0072990474
 0.0131666340
 0.0160372741
-0.0262573727
 0.0476397576
 0.0076808652
 0.0291787451
 0.0136723540
 0.0164328047
 0.0545025049
 0.0135705467
 0.0630028332
-0.0023131227
 0.0520578363
 0.0648789083
 0.0372064816
 0.0540791135
 0.0396175612
 0.0433524829
 0.0051697768
 0.0089559638
 0.0294111192
 0.0033827541
 0.0440600808
 0.0304149181
 0.0426315711
 0.0492271726
 0.0277274365
-0.0059984643
-0.0126225742
-0.0105108238
-0.0134682391
-0.0068638777
-0.0327550235
-0.0266756024
-0.0393538257
-0.0124325264
-0.0500755771
-0.0177461677
-0.0129375986
-0.0568294136
-0.0236207144
-0.0157261945
 0.0135276535
 0.0432150443
