y
 3.724219e-03
 3.936574e-02
 2.656135e-02
 1.440762e-02
-2.823015e-02
 3.352134e-04
-8.639752e-04
 1.688822e-03
 3.580162e-03
 1.861252e-03
 4.049888e-03
-2.290506e-02
-1.400013e-02
-2.453011e-02
-2.916294e-02
-4.891299e-02
-7.120578e-02
-8.002061e-03
-1.099150e-02
-1.754540e-03
-2.267522e-02
-3.751529e-02
-2.235083e-02
-1.906376e-02
-2.898652e-02
-9.882808e-03
-4.303931e-02
-3.153824e-02
-5.864972e-02
-3.467395e-02
-6.462251e-02
-3.780714e-02
-7.268752e-02
-6.207941e-02
-3.626778e-02
-6.225595e-02
-4.942468e-02
-4.094405e-02
-3.987648e-02
-2.770737e-02
-9.494695e-04
 2.508464e-04
-1.630411e-03
 2.970216e-02
-2.124482e-02
-1.480243e-02
-4.342660e-03
 1.494228e-02
 1.686334e-02
 2.032815e-02
 1.103396e-02
 7.528347e-03
-2.788696e-02
 8.059641e-03
 5.860647e-03
 9.881686e-03
-1.087523e-02
-1.382903e-02
-9.171211e-03
-3.007443e-03
-1.851533e-03
 8.997770e-03
 2.197118e-02
 6.329427e-03
-2.901418e-02
-1.941251e-02
 1.063878e-02
-1.106809e-02
-4.727023e-03
 5.841249e-04
 7.840680e-03
-1.228498e-02
-6.514629e-02
-5.520272e-02
-3.085300e-02
-1.426807e-02
-2.946013e-02
-1.170411e-02
-1.626845e-02
-3.184744e-02
-2.932018e-03
 4.996996e-03
-1.003915e-02
-4.311753e-03
-5.347401e-03
-1.895164e-02
 8.260059e-03
-1.703588e-02
-1.726528e-02
 4.178369e-03
-1.071760e-02
-3.010057e-02
-1.027606e-02
 1.709117e-04
 2.944328e-03
-1.218565e-02
-1.894311e-03
 7.837436e-03
 4.655142e-03
-3.568338e-03
-8.174930e-03
 2.235849e-02
 1.229380e-02
-9.302445e-03
 1.151562e-02
-4.825323e-03
 2.182783e-02
-1.443753e-03
 1.246252e-02
 1.187838e-02
-3.876413e-02
-6.496484e-03
-5.359160e-03
-1.430974e-02
-1.363460e-02
-1.706750e-02
 8.647676e-03
-2.019845e-02
 7.222851e-03
-1.438729e-02
 8.458785e-03
-1.231839e-02
-2.443014e-03
-4.413714e-03
 4.777681e-04
-1.743208e-03
-1.981980e-02
-2.495858e-02
-1.035457e-02
-2.325832e-02
-7.607545e-03
-5.187696e-02
-4.047651e-02
-4.045262e-02
-6.037213e-02
-3.674992e-02
-2.438962e-02
-2.459189e-02
-3.917737e-02
-2.521406e-02
 6.173309e-03
-2.587722e-02
-9.177992e-03
-1.035432e-02
-3.235193e-02
-1.641069e-02
-1.203015e-02
-1.785197e-02
-1.257581e-02
 4.100323e-03
 9.460762e-03
 4.431454e-02
 3.294556e-02
 3.355495e-02
 1.750702e-02
 1.609523e-02
 1.954074e-02
 1.441814e-02
 1.258868e-02
 1.650236e-03
 1.293243e-02
 2.032876e-02
 2.982769e-02
 4.800693e-02
 1.817700e-02
 2.988915e-02
 2.119343e-02
-1.246005e-02
-1.144222e-02
-1.670480e-02
-2.687681e-03
-8.273806e-03
-8.379073e-03
 1.286716e-03
-8.143675e-05
 4.334354e-03
-5.563100e-03
-2.280483e-02
-3.608884e-02
-3.137374e-02
-4.000507e-02
-3.526562e-02
-1.721782e-02
-4.204249e-02
-3.815463e-02
-3.172535e-02
-2.339753e-02
-3.882736e-02
 5.672890e-03
-6.389534e-03
-1.362916e-02
-1.563971e-02
-3.195092e-02
-2.476393e-02
 1.825485e-03
-9.388154e-03
-3.256165e-04
-7.757493e-03
-2.190260e-02
-7.274296e-03
-2.276766e-02
-7.539122e-04
 5.298006e-03
 3.538925e-03
-1.023161e-02
-2.947992e-02
-1.573652e-02
-2.181131e-02
-1.961940e-02
-1.466997e-02
-1.010501e-02
-1.339556e-02
-1.306714e-03
-2.046786e-03
 7.504404e-03
-3.180414e-03
 1.434301e-02
 2.947100e-02
-7.170547e-03
 9.362520e-03
 2.766153e-02
 3.092609e-03
 2.267797e-03
-1.739470e-03
-1.849204e-02
-3.419437e-02
-1.632261e-03
-3.234605e-02
-9.542519e-03
 1.205251e-02
-1.384300e-02
 4.675690e-03
 1.418480e-02
-3.138199e-03
 8.115104e-03
 1.120181e-02
 1.221305e-02
-2.158785e-02
 2.281098e-02
 9.300693e-03
 3.971022e-03
 2.053642e-02
-5.862253e-04
 2.734861e-02
 4.600934e-03
 5.254837e-03
 8.714309e-03
-7.214315e-03
 2.481994e-03
 2.254564e-02
 1.329610e-02
 1.329189e-02
 8.357205e-03
-2.883985e-02
-3.026548e-02
 6.748242e-03
 2.917373e-03
 5.127519e-04
 4.908594e-03
 1.725307e-02
-9.700643e-04
 8.971313e-04
 1.587326e-02
 2.297800e-03
-1.870675e-02
-7.370908e-03
 2.768550e-02
 2.099395e-02
 6.177746e-03
 3.658645e-02
 1.268013e-02
 2.157362e-02
 2.029938e-02
 1.215906e-02
-8.450534e-03
-1.564602e-02
-2.244197e-02
-1.832806e-02
-2.766728e-02
-1.149110e-02
 5.393640e-03
-4.850497e-03
-1.868093e-02
 2.545314e-03
 1.676185e-02
-3.088303e-03
-4.405688e-03
-3.691886e-03
 9.691141e-03
 1.759785e-02
-4.459329e-03
-4.161895e-03
 3.929244e-02
 4.245104e-03
 1.049321e-02
 3.791904e-02
 1.945528e-02
 1.973220e-02
 3.473909e-02
 4.567414e-02
 6.143107e-02
 4.359422e-02
 1.150929e-02
 2.873720e-02
 5.826552e-02
 3.219382e-02
 2.543605e-02
 3.558292e-02
 4.705864e-02
 3.756452e-02
 5.546224e-02
 3.772592e-02
 6.883237e-02
 4.176468e-02
 3.073310e-02
 1.472452e-02
 1.994533e-02
 2.290928e-02
 1.729233e-02
 5.211612e-04
-4.676790e-03
 5.428352e-03
 1.445679e-02
-2.788867e-03
-5.869682e-04
-1.629029e-03
-2.576968e-03
-2.117518e-03
-7.899381e-03
 1.593386e-02
 4.572866e-03
 2.046440e-02
-1.719018e-03
 2.082167e-03
 2.484609e-02
 2.855563e-02
