y
 0.0094808319
 0.0323388128
 0.0361328045
 0.0224925615
 0.0213649735
-0.0060563491
-0.0076571168
-0.0226353601
-0.0011135833
-0.0190945775
 0.0063289575
-0.0191045378
-0.0041823716
-0.0037345400
-0.0267098751
 0.0008183251
-0.0145077974
-0.0276317780
 0.0029553876
-0.0069070823
-0.0183765713
 0.0142825421
-0.0101869130
-0.0237221818
-0.0182049370
-0.0346064151
-0.0199056537
-0.0344995419
-0.0084873710
-0.0128658719
 0.0489080344
 0.0248459515
 0.0468826010
 0.0486795340
 0.0532160807
 0.0343355487
 0.0109016698
-0.0254178208
-0.0138664711
-0.0112485587
-0.0078906782
 0.0204971417
 0.0276088607
 0.0329327281
 0.0392053425
 0.0317348371
 0.0460599375
 0.0359840912
 0.0335137797
 0.0164815742
-0.0058824192
-0.0093006310
-0.0290436566
-0.0306671634
-0.0426104071
-0.0445329079
-0.0600133559
-0.0249473783
-0.0465977151
-0.0260494402
-0.0315406274
-0.0372711604
-0.0015209005
 0.0008895449
 0.0068029717
 0.0030012587
-0.0280126633
-0.0081210091
-0.0379250043
-0.0485208166
-0.0597045661
-0.0768104970
-0.1070392827
-0.0889537796
-0.0805459106
-0.0663029077
-0.0516584992
-0.0837919668
-0.0490242815
-0.0474898812
-0.0435149867
-0.0665806250
-0.0406600029
-0.0645914088
-0.0420075828
-0.0401537685
-0.0398664927
-0.0104954967
-0.0036554045
-0.0161809233
 0.0161509140
-0.0137532431
 0.0256092883
 0.0112727953
 0.0243707773
 0.0036455658
-0.0028677635
 0.0112769739
-0.0143978570
-0.0289696071
-0.0385370505
-0.0243291541
-0.0377872757
-0.0106047438
-0.0200258252
 0.0021613107
 0.0082734479
-0.0007583965
 0.0207327208
 0.0150709206
 0.0047349879
 0.0109589341
-0.0055955812
 0.0130074311
 0.0124254629
 0.0256575488
-0.0054898016
 0.0080051967
-0.0083640243
 0.0234595410
 0.0076268442
-0.0139108511
-0.0110439693
 0.0099543771
-0.0153974219
 0.0065999051
 0.0079733034
-0.0020808072
-0.0011971046
-0.0134773542
-0.0094302918
-0.0232076190
-0.0143503368
-0.0078438118
 0.0072954274
 0.0156897324
 0.0145247366
 0.0114398194
-0.0041111916
 0.0050571987
-0.0016882678
 0.0090573912
 0.0046310103
-0.0229489457
-0.0476251549
-0.0514441133
-0.0497578897
-0.0782672775
-0.0634850902
-0.0699542179
-0.0696722222
-0.0742896552
-0.0449182769
-0.0616867808
-0.0323152507
-0.0266459365
-0.0200816380
-0.0065219312
 0.0126207922
-0.0047667029
-0.0123739882
-0.0196385705
 0.0086656113
-0.0383157579
 0.0108546020
-0.0161220218
-0.0232275436
 0.0237716948
-0.0134224990
 0.0220552160
 0.0281594328
 0.0375524038
 0.0250698328
 0.0338665558
 0.0559405627
 0.0507974276
 0.0523666493
 0.0121030686
 0.0605862615
 0.0348387381
 0.0771175785
 0.0385607778
 0.0327862380
 0.0581852993
 0.0050192790
 0.0068715725
 0.0043849527
-0.0034714393
-0.0110491594
-0.0367784520
-0.0291875538
-0.0447757114
-0.0378392844
-0.0518133716
-0.0613443385
-0.0300846474
-0.0357907724
-0.0219217102
-0.0310379858
-0.0272597343
-0.0033536282
-0.0054619701
-0.0206077436
-0.0174773584
-0.0214052068
-0.0401682992
 0.0018386555
-0.0033995484
 0.0002735974
 0.0292841409
 0.0071628718
 0.0498277420
-0.0023179044
 0.0399919571
 0.0354073982
 0.0230137281
 0.0155272155
 0.0111812637
-0.0035557626
-0.0289097959
-0.0197548225
 0.0126739035
 0.0239467045
 0.0275994537
 0.0151969747
 0.0173750204
 0.0466498510
 0.0198952429
 0.0486355556
 0.0285373970
 0.0441546312
 0.0187319095
 0.0541932078
 0.0361366342
 0.0740218380
 0.0734788338
 0.0810872958
 0.0743089873
 0.0621422996
 0.0603103917
 0.0479483873
 0.0039600905
 0.0164503509
 0.0244990336
 0.0127189783
 0.0172591124
-0.0149670760
-0.0304559632
-0.0023595140
-0.0262864464
 0.0018144670
 0.0341887364
 0.0161451919
 0.0125518626
 0.0270038717
 0.0065561742
-0.0052093298
-0.0381229505
-0.0778280749
-0.0616458350
-0.0530418200
-0.0570777895
-0.0411724153
-0.0370625645
-0.0298494506
 0.0028415519
-0.0049477820
-0.0159577896
-0.0316124862
-0.0283148610
-0.0290179013
-0.0336527438
-0.0124687641
-0.0436238168
-0.0353793334
-0.0750947884
-0.0517811374
-0.0573027416
-0.0540673127
-0.0957963715
-0.0561895693
-0.0922835354
-0.0461822391
-0.0638850996
-0.0401238447
-0.0470719965
-0.0561385854
-0.0386089027
-0.0444306288
-0.0339809343
-0.0268062069
-0.0465614948
-0.0304056111
-0.0264295884
 0.0054518542
 0.0227078338
 0.0308890972
 0.0255532215
 0.0334576919
 0.0538462424
 0.0280614788
 0.0455831912
 0.0491310263
 0.0681011547
 0.0610572048
 0.0726907158
 0.0625610254
 0.0676921078
 0.0548576565
 0.0448105022
 0.0676945665
 0.0382547855
 0.0596285073
 0.0741130547
 0.0803499836
 0.0885345833
 0.0967331042
 0.0601810994
 0.0640837058
 0.0674574982
 0.0716571797
 0.0555333190
 0.0505647563
 0.0115080442
 0.0070023983
-0.0160984476
-0.0036571188
 0.0056385280
-0.0208784182
 0.0172334692
-0.0040909907
-0.0049724130
 0.0090894487
 0.0081277133
 0.0068349550
-0.0028044691
