año         mes           semana         y
        2002             1               1               10
        2002             1               2                7
        2002             1               3               13
        2002             1               4                8
        2002             2               5               10
        2002             2               6                7
        2002             2               7               15
        2002             2               8                8
        2002             3               9               18
        2002             3              10               13
        2002             3              11               15
        2002             3              12               12
        2002             3              13               14
        2002             4              14               18
        2002             4              15               19
        2002             4              16                9
        2002             4              17                7
        2002             5              18                3
        2002             5              19               10
        2002             5              20               15
        2002             5              21               15
        2002             6              22                9
        2002             6              23                6
        2002             6              24               17
        2002             6              25               12
        2002             6              26               14
        2002             7              27               14
        2002             7              28               23
        2002             7              29               19
        2002             7              30               13
        2002             8              31               18
        2002             8              32               30
        2002             8              33               20
        2002             8              34               31
        2002             8              35               57
        2002             9              36               74
        2002             9              37               62
        2002             9              38               29
        2002             9              39               52
        2002            10              40               40
        2002            10              41               40
        2002            10              42               42
        2002            10              43               35
        2002            11              44               22
        2002            11              45                9
        2002            11              46               10
        2002            11              47               20
        2002            11              48               29
        2002            12              49               28
        2002            12              50               28
        2002            12              51               12
        2002            12              52               20
        2003             1               1                6
        2003             1               2               18
        2003             1               3               24
        2003             1               4               26
        2003             2               5               24
        2003             2               6               30
        2003             2               7               30
        2003             2               8               45
        2003             3               9               36
        2003             3              10               41
        2003             3              11               41
        2003             3              12               38
        2003             3              13               47
        2003             4              14               55
        2003             4              15               56
        2003             4              16               48
        2003             4              17               58
        2003             5              18               60
        2003             5              19               41
        2003             5              20               65
        2003             5              21               70
        2003             5              22               62
        2003             6              23               70
        2003             6              24               62
        2003             6              25               65
        2003             6              26               60
        2003             7              27               72
        2003             7              28               58
        2003             7              29               95
        2003             7              30               61
        2003             8              31               51
        2003             8              32               78
        2003             8              33               53
        2003             8              34               77
        2003             8              35               85
        2003             9              36               76
        2003             9              37               66
        2003             9              38               80
        2003             9              39               67
        2003            10              40               57
        2003            10              41               64
        2003            10              42               50
        2003            10              43               76
        2003            11              44               47
        2003            11              45               41
        2003            11              46               49
        2003            11              47               23
        2003            11              48               27
        2003            12              49               30
        2003            12              50               20
        2003            12              51               17
        2003            12              52               25
        2004             1               1               18
        2004             1               2               25
        2004             1               3               25
        2004             1               4               21
        2004             2               5               21
        2004             2               6               15
        2004             2               7                9
        2004             2               8               15
        2004             3               9                9
        2004             3              10               10
        2004             3              11               13
        2004             3              12               10
        2004             4              13                9
        2004             4              14                9
        2004             4              15               14
        2004             4              16                9
        2004             5              17                7
        2004             5              18               11
        2004             5              19               13
        2004             5              20               14
        2004             5              21               14
        2004             6              22               11
        2004             6              23                7
        2004             6              24               10
        2004             6              25               12
        2004             7              26               12
        2004             7              27               12
        2004             7              28               23
        2004             7              29               17
        2004             7              30               26
        2004             8              31               13
        2004             8              32               22
        2004             8              33               15
        2004             8              34               22
        2004             9              35               29
        2004             9              36               12
        2004             9              37               21
        2004             9              38               18
        2004            10              39               21
        2004            10              40                7
        2004            10              41               15
        2004            10              42                6
        2004            10              43                9
        2004            11              44               13
        2004            11              45                9
        2004            11              46                8
        2004            11              47                8
        2004            12              48                8
        2004            12              49                8
        2004            12              50                7
        2004            12              51                8
        2005             1              52               14
        2005             1               1               12
        2005             1               2               12
        2005             1               3               10
        2005             1               4                5
        2005             2               5               12
        2005             2               6               10
        2005             2               7                7
        2005             2               8                6
        2005             3               9                5
        2005             3              10                6
        2005             3              11                5
        2005             3              12                6
        2005             4              13                7
        2005             4              14                7
        2005             4              15                7
        2005             4              16                7
        2005             4              17                9
        2005             5              18                4
        2005             5              19                9
        2005             5              20                7
        2005             5              21               10
        2005             6              22                8
        2005             6              23               10
        2005             6              24                9
        2005             6              25               14
        2005             7              26                9
        2005             7              27               19
        2005             7              28               12
        2005             7              29               19
        2005             7              30               20
        2005             8              31               15
        2005             8              32               27
        2005             8              33               18
        2005             8              34               23
        2005             9              35               26
        2005             9              36               24
        2005             9              37               23
        2005             9              38               37
        2005            10              39               22
        2005            10              40               20
        2005            10              41               16
        2005            10              42                6
        2005            10              43               17
        2005            11              44               14
        2005            11              45               10
        2005            11              46               23
        2005            11              47                7
        2005            12              48               14
        2005            12              49               10
        2005            12              50                5
        2005            12              51                6
        2005            12              52               12
        2006             1               1                6
        2006             1               2                8
        2006             1               3                8
        2006             1               4               12
        2006             2               5                8
        2006             2               6                8
        2006             2               7               13
        2006             2               8                8
        2006             3               9               11
        2006             3              10               20
        2006             3              11               13
        2006             3              12               15
        2006             4              13               14
        2006             4              14               18
        2006             4              15                8
        2006             4              16               13
        2006             4              17               21
        2006             5              18               23
        2006             5              19               17
        2006             5              20               14
        2006             5              21               15
        2006             6              22               10
        2006             6              23                9
        2006             6              24               12
        2006             6              25                9
        2006             7              26               21
        2006             7              27               14
        2006             7              28               33
        2006             7              29               19
        2006             7              30               32
        2006             8              31               19
        2006             8              32               26
        2006             8              33               34
        2006             8              34               35
        2006             9              35               47
        2006             9              36               32
        2006             9              37               34
        2006             9              38               52
        2006             9              39               45
        2006            10              40               61
        2006            10              41               65
        2006            10              42               56
        2006            10              43               56
        2006            11              44               45
        2006            11              45               47
        2006            11              46               39
        2006            11              47               34
        2006            12              48               42
        2006            12              49               37
        2006            12              50               45
        2006            12              51               29
        2006            12              52               26
        2007             1               1               19
        2007             1               2               77
        2007             1               3               29
        2007             1               4               25
        2007             2               5               60
        2007             2               6               56
        2007             2               7               58
        2007             2               8               79
        2007             3               9               64
        2007             3              10              105
        2007             3              11               52
        2007             3              12               58
        2007             3              13               40
        2007             4              14               47
        2007             4              15               48
        2007             4              16               42
        2007             4              17               26
        2007             5              18               36
        2007             5              19               42
        2007             5              20               56
        2007             5              21               43
        2007             6              22               31
        2007             6              23               42
        2007             6              24               29
        2007             6              25               52
        2007             6              26               53
        2007             7              27               64
        2007             7              28              100
        2007             7              29               71
        2007             7              30               68
        2007             8              31               65
        2007             8              32               45
        2007             8              33              110
        2007             8              34               27
        2007             9              35               33
        2007             9              36               57
        2007             9              37               46
        2007             9              38               47
        2007             9              39               30
        2007            10              40               43
        2007            10              41               36
        2007            10              42               57
        2007            10              43               40
        2007            11              44               35
        2007            11              45               15
        2007            11              46               24
        2007            11              47               24
        2007            12              48               23
        2007            12              49               30
        2007            12              50               23
        2007            12              51               14
        2007            12              52               31
        2008             1               1               24
        2008             1               2               30
        2008             1               3               24
        2008             1               4               47
        2008             2               5               26
        2008             2               6               25
        2008             2               7               30
        2008             2               8               26
        2008             3               9               21
        2008             3              10               25
        2008             3              11               14
        2008             3              12               39
        2008             3              13                9
        2008             4              14               23
        2008             4              15               19
        2008             4              16               17
        2008             4              17               18
        2008             5              18               34
        2008             5              19               22
        2008             5              20               21
        2008             5              21               26
        2008             5              22               27
        2008             6              23               18
        2008             6              24               27
        2008             6              25               12
        2008             6              26               29
        2008             7              27               24
        2008             7              28               23
        2008             7              29               27
        2008             7              30               13
        2008             8              31               19
        2008             8              32               20
        2008             8              33               17
        2008             8              34               20
        2008             8              35               18
        2008             9              36               21
        2008             9              37               24
        2008             9              38               15
        2008             9              39               24
        2008            10              40               24
        2008            10              41               18
        2008            10              42               18
        2008            10              43               17
        2008            11              44               17
        2008            11              45               19
        2008            11              46                6
        2008            11              47               14
        2008            11              48                7
        2008            12              49               19
        2008            12              50               10
        2008            12              51               10
        2008            12              52               38
        2009             1               1                1
        2009             1               2               14
        2009             1               3               18
        2009             1               4                4
        2009             2               5                8
        2009             2               6               10
        2009             2               7                7
        2009             2               8                9
        2009             3               9                4
        2009             3              10                4
        2009             3              11                9
        2009             3              12               13
        2009             4              13                7
        2009             4              14                8
        2009             4              15               13
        2009             4              16               11
        2009             5              17               18
        2009             5              18               11
        2009             5              19               10
        2009             5              20               15
        2009             5              21                7
        2009             6              22               12
        2009             6              23                9
        2009             6              24                7
        2009             6              25                6
        2009             7              26                7
        2009             7              27               14
        2009             7              28               13
        2009             7              29               15
        2009             8              30               13
        2009             8              31               13
        2009             8              32               15
        2009             8              33               19
        2009             8              34               19
        2009             9              35               15
        2009             9              36               21
        2009             9              37               13
        2009             9              38               23
        2009            10              39               13
        2009            10              40               25
        2009            10              41               21
        2009            10              42               33
        2009            10              43               23
        2009            11              44               24
        2009            11              45               26
        2009            11              46               17
        2009            11              47               30
        2009            12              48               29
        2009            12              49               32
        2009            12              50               31
        2009            12              51               33
        2010             1              52               53
        2010             1               1               15
        2010             1               2               35
        2010             1               3               42
        2010             1               4               37
        2010             2               5               81
        2010             2               6              108
        2010             2               7              132
        2010             2               8              182
        2010             3               9              230
        2010             3              10              236
        2010             3              11              310
        2010             3              12              367
        2010             4              13              241
        2010             4              14              395
        2010             4              15              397
        2010             4              16              434
        2010             5              17              443
        2010             5              18              558
        2010             5              19              582
        2010             5              20              627
        2010             5              21              715
        2010             6              22              748
        2010             6              23              732
        2010             6              24              734
        2010             6              25              735
        2010             7              26              737
        2010             7              27              606
        2010             7              28              690
        2010             7              29              602
        2010             7              30              547
        2010             8              31              611
        2010             8              32              580
        2010             8              33              493
        2010             8              34              493
        2010             9              35              468
        2010             9              36              415
        2010             9              37              362
        2010             9              38              298
        2010            10              39              256
        2010            10              40              193
        2010            10              41              191
        2010            10              42              168
        2010            10              43              144
        2010            11              44              120
        2010            11              45               87
        2010            11              46               89
        2010            11              47               75
        2010            12              48               47
        2010            12              49               44
        2010            12              50               52
        2010            12              51               50
        2010            12              52               41
        2011             1               1               41
        2011             1               2               29
        2011             1               3               30
        2011             1               4               28
        2011             2               5               19
        2011             2               6               12
        2011             2               7               15
        2011             2               8               15
        2011             3               9               19
        2011             3              10               17
        2011             3              11               11
        2011             3              12               15
        2011             4              13                7
        2011             4              14               16
        2011             4              15               17
        2011             4              16               15
        2011             5              17               15
        2011             5              18               10
        2011             5              19               14
        2011             5              20               17
        2011             5              21               19
        2011             6              22               16
        2011             6              23               24
        2011             6              24               22
        2011             6              25               21
        2011             7              26               22
        2011             7              27               26
        2011             7              28               19
        2011             7              29               10
        2011             7              30               12
        2011             8              31               18
        2011             8              32               13
        2011             8              33               12
        2011             8              34               17
        2011             9              35               21
        2011             9              36               12
        2011             9              37               14
        2011             9              38               13
        2011            10              39               16
        2011            10              40               10
        2011            10              41               15
        2011            10              42               12
        2011            10              43               10
        2011            11              44               11
        2011            11              45               10
        2011            11              46                8
        2011            11              47               10
        2011            12              48                6
        2011            12              49               11
        2011            12              50               14
        2011            12              51               22
        2011            12              52               12
