      x
   655.3000
   753.9000
  1049.5000
  1093.4000
  1094.4000
  1134.9000
  1134.3000
   978.4000
   793.9000
   900.9200
  1182.7275
  1191.6170
  1143.1515
  1212.3590
  1095.2465
   895.1370
  1320.9995
  1237.4580
  1269.3190
  1242.9225
  1220.0220
  1029.4710
   849.8170
  1333.7155
  1229.1430
  1287.7370
  1271.1220
  1217.6535
  1111.0405
   935.5385
  1205.4135
  1252.7430
  1271.1970
  1244.7680
  1210.3895
  1124.9020
   853.1955
  1167.7340
  1227.6730
  1251.0190
  1237.7100
  1201.6205
  1028.9905
   880.8285
  1225.8535
  1272.2105
  1226.8000
  1333.1920
  1218.8245
  1043.4860
   934.8670
  1310.1860
  1298.6680
  1257.8505
  1396.8905
  1283.4860
  1204.5080
   988.5095
  1308.7425
  1252.8760
  1237.9892
  1246.1165
  1216.4899
  1027.4604
   876.8750
  1267.2366
  1351.8566
  1244.0890
  1356.1960
  1317.5309
  1049.2717
   977.3161
  1271.2951
  1293.7613
  1230.0698
  1243.7293
  1256.3322
  1142.4558
   879.5136
   937.5331
  1266.4477
  1267.0691
  1313.1361
  1274.7011
  1137.0941
   972.8286
  1307.6479
  1239.0884
  1246.0414
  1268.1683
  1214.2596
  1051.8694
   872.0461
  1265.3320
  1362.3847
  1340.4507
  1309.7293
  1294.3932
  1039.8619
   889.1246
  1250.3836
  1345.7006
  1358.7296
  1285.0802
  1249.7715
  1080.6674
   856.2166
  1231.7588
  1251.6994
  1139.3000
   788.3000
   714.3000
   935.2000
   886.8000
  1229.2770
  1267.6530
  1266.1511
  1293.6061
  1230.4589
  1064.0515
   873.0528
   997.0000
  1246.1964
  1249.0025
  1339.9451
  1251.0936
  1084.6481
   910.6138
  1251.1672
  1252.6214
  1289.4485
  1251.9364
  1285.3807
  1074.9639
   873.5041
  1271.7284
  1258.5526
  1288.5751
  1287.5747
  1266.7287
  1088.6786
   956.8421
  1237.1499
  1230.7819
  1289.7425
  1291.1481
  1248.0195
  1018.5413
   929.0415
  1323.7024
  1269.8556
  1279.0596
  1279.9257
  1189.9951
  1057.4400
   878.1536
   935.1143
  1273.8326
  1327.1421
  1285.1990
  1248.6728
  1074.4002
   865.7075
  1227.7420
  1222.1508
  1233.1345
  1212.3288
  1291.7773
  1029.2285
   817.4566
  1237.8242
  1229.3629
  1262.1542
  1288.3153
  1249.1139
  1097.1634
   853.1656
   867.9944
  1228.7892
  1199.4451
  1181.9980
  1161.0452
  1000.4805
   850.7250
   867.6380
  1200.2595
  1172.8260
  1207.4715
  1179.4465
  1006.4250
   847.4211
  1178.9295
  1175.5345
  1269.5375
  1221.4380
  1229.7165
  1004.3515
   856.3510
  1218.6690
  1333.1095
  1307.5660
   944.5000
  1205.7680
   990.3115
   858.7545
  1217.4730
  1205.7370
  1260.2750
  1180.4145
  1209.0765
  1021.3155
   898.9705
  1301.6230
  1224.0225
  1224.4180
  1342.4360
  1213.5545
  1053.3275
   846.6620
   956.8000
  1213.7955
  1270.5375
  1238.6460
  1208.3110
  1030.9220
   846.8885
  1214.1030
  1217.1205
  1266.0095
  1238.6410
  1199.3240
  1029.5885
   819.7585
   977.9130
  1231.7415
  1241.5060
  1243.1590
  1216.3830
  1054.4065
   968.3060
  1248.3265
  1288.6700
  1264.3110
  1275.2370
  1276.8909
   985.4930
   892.6109
  1355.9899
  1356.7195
  1257.5161
  1355.7304
  1255.9937
  1072.0894
   897.1676
  1265.3793
  1229.7275
  1271.3547
  1293.8428
  1295.4236
  1037.0621
   945.0256
  1267.7005
  1314.2571
  1311.9427
  1340.9559
  1352.5052
  1184.8453
   975.2601
  1290.2857
  1323.1514
  1387.9045
  1374.5694
  1369.4503
  1140.5981
   961.5127
  1293.3661
  1393.5623
  1278.5709
  1297.3771
  1325.2107
  1178.4455
   929.9903
  1314.3712
  1342.0636
  1332.3914
  1303.2839
  1312.0027
  1114.4162
   941.7245
  1027.0402
  1326.6877
  1406.3354
  1371.3814
  1390.9469
  1253.7174
  1082.7578
  1472.8379
  1405.5078
  1373.5985
  1435.8070
  1398.9095
  1160.3860
  1008.1790
  1449.4130
  1374.1210
  1357.5715
  1407.9395
  1349.0780
  1201.3755
   942.1765
  1082.1550
  1437.7445
  1438.6115
  1358.2895
  1415.9090
  1197.1945
   980.2080
  1055.7325
  1386.2490
  1416.0955
  1409.6570
  1457.2270
  1234.2630
  1043.3550
  1366.5390
  1351.4810
  1397.2475
  1358.4310
  1365.7850
  1166.5020
  1064.5524
  1381.6746
  1365.8784
  1369.7564
  1326.8305
  1318.7895
  1158.4855
   978.0325
  1268.3815
  1359.4490
  1405.6765
  1320.5825
  1023.6000
  1187.0155
  1016.9080
  1384.8985
  1378.1350
  1342.4660
  1462.4830
  1289.9310
  1167.5110
  1031.1965
  1343.6360
  1399.9400
  1378.9000
  1232.6000
  1172.8000
  1042.6000
   957.6000
   751.9000
  1122.2000
  1135.6000
  1114.0000
  1173.6000
   885.5000
   870.5000
   638.2000
   983.2000
  1048.6000
  1091.8000
  1103.6000
   964.4000
   818.1000
   876.7425
  1199.1350
  1221.6000
  1213.9000
  1183.5000
  1076.2370
   878.5000
  1269.7395
  1206.6220
  1209.5540
  1283.1465
  1201.4755
  1127.6460
   935.1645
  1313.4090
  1253.6990
  1228.6840
  1214.4840
  1200.9120
  1042.7015
   886.9035
  1204.0955
  1191.6750
  1258.9955
  1250.6520
  1336.1760
  1107.2755
   888.4855
  1297.9980
  1281.6770
  1310.8965
  1312.2705
  1293.9215
  1101.0965
   883.6570
  1254.5865
  1249.8240
  1258.3525
  1275.0430
  1229.1425
  1069.1555
   975.8055
  1247.8765
  1348.3605
  1346.2280
  1308.8475
  1293.3050
  1087.0435
   910.6585
  1284.9680
  1232.5400
  1166.6630
  1246.2880
  1250.4760
  1087.3985
   894.3170
  1386.9640
  1240.0630
  1255.7510
  1247.7455
  1297.6938
  1086.1240
   930.9958
  1240.9800
  1275.7365
  1327.1055
  1326.3685
  1322.0565
  1128.2460
   963.0650
  1049.4610
  1347.3310
  1349.3819
  1368.6324
  1253.9969
  1123.8900
   910.3521
  1263.3530
  1327.2268
  1299.1700
  1264.1710
  1222.2355
  1129.5199
   887.0155
  1260.6565
  1335.9395
  1407.9740
  1306.6995
  1305.7760
  1076.5325
   894.9965
  1257.2485
  1249.5885
  1107.3000
   781.5000
   693.7000
   933.2500
   851.8000
  1299.8235
  1323.1650
  1278.2595
  1317.1305
  1267.2500
  1072.0635
   983.1835
  1296.1165
  1338.5785
  1321.0900
  1275.8565
  1282.3720
  1073.7965
   910.1295
  1221.2660
   990.9000
  1288.4810
  1278.5302
  1275.7395
  1139.5415
   942.4395
  1288.1890
  1304.0910
  1373.0035
  1261.0520
  1243.2050
  1127.3665
   845.6260
  1251.2525
  1322.3330
  1256.5930
  1243.1820
  1240.8905
  1144.1530
   931.0625
  1250.7065
  1346.6195
  1386.6810
  1265.0860
  1300.6510
  1169.6055
   867.5505
   950.8330
  1326.9000
  1254.3170
  1241.2860
  1268.5800
  1194.4240
   920.7485
  1291.3725
  1258.8820
  1249.8765
  1178.2165
  1219.6850
  1096.4790
   908.5835
  1316.8010
  1332.9215
  1312.9175
  1278.1060
  1211.1198
  1045.2206
   879.7432
   946.3116
  1257.4538
  1306.9310
  1236.6800
  1210.7422
  1064.6860
   831.2080
   876.2920
  1239.4980
  1204.3850
  1222.4260
  1196.0080
  1039.9360
   798.2860
   893.8084
  1195.5640
  1200.2280
  1289.1660
  1220.9844
  1068.4148
   878.5096
  1246.2732
  1270.6119
  1282.1227
  1238.2886
  1230.4604
  1026.9400
   926.8064
  1278.4740
  1284.5028
  1229.5408
  1242.7269
   939.6000
   984.0970
   857.5200
  1205.4696
  1232.0130
  1254.3160
  1264.5584
  1216.1796
  1095.7444
   824.4156
  1229.5992
  1222.5320
  1254.6068
  1095.5336
  1140.5034
  1011.5794
   889.6294
  1096.6774
   919.0000
  1154.0854
  1226.9530
  1216.0028
  1054.6616
   864.3850
  1235.0928
  1272.5662
  1259.2062
  1288.8184
  1220.9568
  1076.0100
   835.3600
   917.1900
  1320.6640
  1346.5596
  1273.7600
  1306.4850
  1100.3020
   887.7100
  1239.1050
  1253.4490
  1251.6400
  1272.0920
  1238.2950
  1037.6450
   866.3380
  1266.9100
  1299.4250
  1306.1174
  1244.4340
  1294.6700
  1079.9590
   946.9000
  1311.3088
  1322.4630
  1359.9168
  1406.4022
  1272.8760
  1058.7560
   868.0290
  1296.3400
  1336.2500
  1356.1322
  1322.8994
  1322.9362
  1143.6720
   906.5800
  1291.4110
  1290.8460
  1352.8750
  1425.2166
  1268.4102
  1202.8856
   926.5830
  1313.1060
  1317.2338
  1318.8104
  1331.7642
  1330.7624
  1155.0252
   967.1104
  1309.8728
  1385.3750
  1396.2580
  1342.6164
  1298.0276
  1150.6404
   945.5600
  1019.0020
  1440.9988
  1392.1500
  1429.3000
  1353.0518
  1158.1542
  1042.8416
  1423.5354
  1423.6858
  1352.9168
  1324.2688
  1345.0910
  1200.8492
  1000.5874
  1349.9990
  1382.0898
  1458.0330
  1429.0578
  1465.6048
  1246.1070
   997.2338
  1050.3010
  1380.0258
  1378.3683
  1423.4538
  1418.3428
  1191.9208
   997.3856
  1136.8580
  1439.0584
  1414.6226
  1410.2708
  1389.9454
  1201.6218
  1056.9596
  1430.8524
  1467.6457
  1448.5021
  1401.2975
  1395.1548
  1217.9103
  1100.2911
  1493.6120
  1478.7114
  1445.8750
  1416.4178
  1400.0966
  1225.8124
  1033.4878
  1404.2682
  1408.6402
  1442.8378
  1451.3248
  1318.2426
  1091.9000
  1023.7138
  1362.1286
  1379.9152
  1382.2402
  1346.0852
  1422.0154
  1205.1834
   993.0800
  1347.3938
  1354.0914
  1369.0162
  1330.5000
  1311.7000
  1114.1000
   932.4000
  1065.8000
   791.5000
  1289.3000
  1174.0000
  1132.3000
   989.4000
   891.0000
   964.2000
   691.5000
  1045.7000
  1092.6000
  1126.7000
   959.0000
   833.2000
   976.7478
  1217.4218
  1177.4000
  1166.4000
  1186.9000
  1073.1000
   974.2000
  1225.6028
  1230.4846
  1262.0374
  1248.4537
  1259.3142
  1051.1797
   903.8946
  1270.5767
  1282.5956
  1284.2101
  1290.4600
  1273.8179
  1072.3664
   920.4737
  1327.7673
  1258.9519
  1254.0369
  1245.7479
  1241.7399
  1067.5621
   988.8085
  1328.1463
  1258.7502
  1335.9757
  1317.3174
  1372.0706
  1110.9940
  1010.3785
  1265.3870
  1280.6001
  1264.8281
  1295.6728
  1243.8370
  1118.1430
   901.0235
  1255.6000
  1253.0785
  1259.4369
  1284.8958
  1258.1539
  1069.8004
   899.3400
  1304.6890
  1246.0995
  1305.5184
  1268.7700
  1242.9854
  1124.9864
   908.7774
  1348.7395
  1284.2090
  1309.0076
  1315.4760
  1301.1234
  1055.2868
   896.5452
  1327.6894
  1312.1118
  1285.2272
  1393.9566
  1232.2210
  1091.1640
   906.7610
  1307.6748
  1349.2144
  1351.4350
  1266.1901
  1268.0312
  1143.7280
   836.7277
   926.0182
  1293.4154
  1142.0000
   829.4000
   722.4000
   958.5000
   876.0000
  1295.1353
  1353.0940
  1308.4555
  1291.3675
  1311.1069
  1195.6828
   943.6172
  1443.2062
  1406.2101
  1333.9317
  1302.4352
  1318.8143
  1204.9675
  1049.6139
  1318.1282
  1281.4344
  1342.5974
  1340.8240
  1332.1817
  1157.0960
   947.3467
  1310.9289
  1341.0927
  1362.7099
  1400.7313
  1360.3757
  1196.8747
  1049.5522
  1376.3207
  1273.7254
  1027.7000
  1334.9967
  1302.4927
  1091.0597
   910.1215
  1285.6767
  1350.0827
  1314.4353
  1343.1564
  1340.5741
  1098.9462
   887.4488
   974.7899
  1321.2766
  1384.9309
  1419.0390
  1354.1579
  1162.3865
   935.1055
  1318.1843
  1340.4254
  1434.7766
  1331.7121
  1334.1493
  1190.3101
   961.9137
  1413.2216
  1365.4460
  1476.3215
  1358.2594
  1220.7874
  1124.8828
   948.0674
   953.7123
  1288.5696
  1365.3544
  1349.9391
  1281.6163
  1090.7025
   914.1610
   989.4658
  1329.8247
  1309.4939
  1297.8974
  1263.3031
  1094.1213
   885.5485
  1304.0112
  1262.3823
  1297.7011
  1261.4377
  1279.6238
  1069.3883
   887.5250
  1271.8368
  1263.2022
  1306.7305
  1305.8885
  1247.0347
  1063.8626
   829.7510
   890.3570
  1297.0191
  1279.0506
  1293.1809
  1316.9608
  1136.1255
   869.8919
  1235.5459
  1264.4399
  1287.6148
  1288.9926
  1271.5177
  1052.3122
   899.5654
  1247.2083
  1319.5651
  1379.2771
  1272.2443
  1276.0683
   940.9000
   893.5231
  1255.9325
  1268.3699
  1288.0998
  1277.1758
  1297.2312
  1092.4092
   911.5964
  1257.6638
  1313.9193
  1279.9932
  1296.9105
  1261.3753
  1101.5665
   863.8236
  1268.0997
  1268.3030
   962.5000
  1314.9018
  1311.5193
  1099.6216
   925.5232
  1306.7108
  1305.4820
  1291.3596
  1345.3741
  1282.8476
  1089.3251
   880.3318
   957.8095
  1338.3606
  1353.1987
  1332.3769
  1322.6767
  1148.0425
   923.0672
  1313.7617
  1325.6616
  1351.4762
  1322.1780
  1413.0480
  1103.9350
   944.5090
  1293.4080
  1302.6640
  1329.7080
  1344.0520
  1316.1238
  1121.0040
   953.3900
  1385.3350
  1347.1380
  1357.1990
  1333.1380
  1311.4060
  1153.0318
   927.0650
  1320.2360
  1353.9650
  1368.9696
  1361.0074
  1348.9104
  1140.9860
   988.7558
  1430.9412
  1433.9900
  1377.5712
  1411.9380
  1426.7432
  1187.4450
  1009.9184
  1379.0946
  1360.3360
  1385.7426
  1379.0172
  1367.2320
  1210.5890
  1026.3976
  1424.5776
  1400.6816
  1397.5906
  1418.6406
  1420.9156
  1212.5086
   978.7838
  1032.8605
  1461.6686
  1415.2928
  1437.5720
  1443.4426
  1230.9252
  1117.7486
  1439.5844
  1462.7426
  1517.6782
  1473.8266
  1467.0854
  1327.0116
  1126.3148
  1499.6790
  1523.9420
  1514.1590
  1415.9840
  1478.9088
  1271.1010
  1011.6054
  1143.5083
  1426.6882
  1478.8041
  1547.3288
  1447.7874
  1278.2332
  1022.2780
  1142.7683
  1433.0622
  1442.8366
  1467.9221
  1404.7393
  1250.3184
  1060.7267
  1466.8893
  1502.5440
  1437.8910
  1463.7304
  1426.7726
  1269.4336
  1079.7726
  1426.6958
  1481.0752
  1413.1270
  1470.2146
  1496.8220
  1289.2164
  1034.3178
  1449.6746
  1447.5638
  1465.0502
  1555.2974
  1469.4638
  1256.8696
  1070.2000
  1471.3030
  1536.1492
  1422.4560
  1456.5346
  1420.1844
  1235.2574
  1157.6602
  1542.5206
  1484.8074
  1413.9140
  1402.1506
  1424.3090
  1158.4000
   995.9000
  1227.9000
  1064.8000
   792.7000
  1212.3000
  1195.1000
  1115.6000
   938.3000
  1127.1000
   935.6000
   709.1000
  1055.0000
  1097.8000
   971.8000
   821.1000
   873.7396
  1159.7346
  1194.9000
  1185.8000
  1201.3000
  1048.4572
   926.7000
  1256.2620
  1309.1174
  1324.9378
  1282.7116
  1323.0188
  1110.2260
   988.5652
  1336.5180
  1294.6784
  1301.7068
  1298.7566
  1334.2190
  1101.5848
   922.2676
  1326.7832
  1303.8502
  1293.9492
  1307.4170
  1316.9596
  1152.0816
   949.5400
  1265.5450
  1291.1250
  1292.5128
  1357.9958
  1299.0530
  1183.8816
   949.4140
  1382.7098
  1363.7076
  1365.2486
  1325.9793
  1350.8180
  1155.9988
   959.7326
  1370.6342
  1371.6194
  1329.6339
  1314.4383
  1320.9508
  1105.5130
   995.2592
  1297.9636
  1409.1960
  1351.5136
  1370.1340
  1318.7172
  1159.6008
   914.2048
  1304.1448
  1325.0840
  1285.8182
  1281.4022
  1298.8400
  1101.7740
   951.1974
  1367.1070
  1330.3380
  1335.3570
  1408.1672
  1336.7682
  1250.1246
   960.1160
  1377.1272
  1356.4956
  1352.3112
  1442.4704
  1361.6914
  1179.6490
   895.1000
   971.1278
  1360.0422
  1366.2510
  1412.0122
  1405.6438
  1133.8954
   944.4742
  1361.6582
  1299.4702
  1357.7690
  1361.2410
  1373.6008
  1132.3286
   921.1050
  1346.8648
  1419.3508
  1405.9958
  1488.8678
  1368.1028
  1165.5666
   977.6400
  1303.4944
  1433.5842
  1151.4000
   868.7000
   741.8000
  1006.0000
   931.5000
  1425.0952
  1387.8184
  1447.7112
  1433.6516
  1374.8108
  1144.1962
   993.6062
  1316.5332
  1328.3280
  1310.1054
   980.6000
  1305.0002
  1138.7530
   921.1132
  1364.0712
  1344.5658
  1364.2120
  1401.4464
  1367.5078
  1132.7948
   940.0696
  1387.2806
  1355.8788
  1328.7714
  1362.9912
  1337.9594
  1171.9034
  1017.8889
  1380.8565
  1388.5532
  1419.2066
  1355.2096
  1364.9320
  1181.5190
   949.8224
  1373.3049
  1343.6045
  1322.4256
  1402.5450
  1314.3856
  1138.6916
   921.6000
   968.2134
  1351.2528
  1326.4804
  1463.8780
  1333.3856
  1135.7004
   924.4716
  1340.2914
  1339.7680
  1320.0428
  1391.7000
  1341.0400
  1145.4986
   942.5326
  1385.6526
  1373.9260
  1354.6032
  1313.1972
  1304.1376
  1196.5154
   929.3000
   964.0846
  1299.7836
  1319.3000
  1312.5926
  1307.4934
  1101.9174
   925.5000
   948.1464
  1302.2308
  1317.6608
  1321.8256
  1319.9672
  1116.8402
   945.2814
  1288.3932
  1323.0586
  1426.3592
  1343.1218
  1291.2168
  1104.0238
   977.8538
  1300.8264
  1312.3096
  1310.5414
  1309.7744
  1311.4594
  1121.9742
   935.0000
  1352.9700
  1368.3528
  1364.8710
  1397.6516
  1329.5106
  1172.4534
   938.4964
  1296.0336
  1354.4080
  1338.8612
  1374.1170
  1378.7438
  1194.4664
   943.6730
  1287.5204
  1371.7049
  1290.4465
  1026.1000
  1307.1181
  1083.4372
   905.1005
  1314.8631
  1367.9041
  1363.0978
  1379.3164
  1294.4428
  1081.5630
   962.8000
   965.3448
  1350.3500
  1435.5406
  1407.7500
  1356.9786
  1133.6116
   916.6522
  1345.0734
  1324.8218
  1356.2360
  1381.5960
  1362.6302
  1131.3990
   955.0290
  1350.3272
  1381.9110
  1342.1652
  1349.8204
  1323.3260
  1176.3480
   998.6844
  1402.6526
  1399.5060
  1421.1014
  1395.4288
  1343.3430
  1171.1022
   982.8610
  1343.7152
  1371.5020
  1403.4224
  1402.9196
  1438.2084
  1204.5420
   996.8040
  1330.6954
  1394.1188
  1391.0777
  1429.5720
  1425.5524
  1185.4866
  1096.0966
  1402.8698
  1435.4766
  1400.8784
  1391.9870
  1392.6150
  1233.8854
  1147.0892
  1459.3826
  1521.5634
  1513.7590
  1455.9242
  1422.0442
  1204.6876
  1053.1000
  1116.8222
  1574.8350
  1482.9938
  1444.3770
  1451.2358
  1283.7316
  1075.4820
  1461.4264
  1447.5522
  1458.8618
  1461.0110
  1420.8784
  1249.2198
  1133.4808
  1520.6888
  1480.8973
  1546.2179
  1494.8555
  1468.6972
  1229.7138
  1055.3000
  1142.4034
  1477.9224
  1490.8320
  1494.9966
  1548.9418
  1325.4510
  1108.8766
  1509.5772
  1551.8092
  1517.6066
  1464.3718
  1490.4772
  1334.2344
  1067.3000
  1142.9806
  1500.6296
  1634.5722
  1505.3748
  1542.1234
  1269.0522
  1131.0354
  1556.8050
  1616.4324
  1489.7524
  1463.6736
  1496.7866
  1387.1998
  1212.6228
  1571.1064
  1502.0490
  1573.6896
  1500.4858
  1471.3932
  1358.2924
  1049.2000
  1108.7000
  1445.0936
  1520.0226
  1585.0448
  1517.0706
  1320.2040
  1076.6716
  1423.8424
  1401.3028
  1439.2788
  1484.4050
  1447.8068
  1191.9770
  1000.4686
  1356.9000
  1279.3000
  1029.4000
   839.5000
  1236.5000
  1105.8000
   967.3000
  1221.2000
  1163.0000
   993.2000
   745.6438
  1062.7210
   960.2000
   900.4150
  1214.2570
  1285.5942
  1251.4610
  1332.6080
  1293.7838
  1093.3310
   951.9984
   986.4136
  1298.7692
  1304.0596
  1335.5520
  1342.7028
  1180.2740
  1028.9030
  1330.4743
  1365.4161
  1372.4911
  1366.0223
  1315.1810
  1199.8656
   990.4679
  1319.3208
  1344.5420
  1342.4363
  1339.4323
  1314.8777
  1132.8287
   931.0222
  1330.5330
  1353.0377
  1328.8022
  1349.7423
  1324.8277
  1161.6559
  1015.8973
  1367.9722
  1419.4303
  1373.1979
  1401.6754
  1367.3189
  1214.1581
   984.2829
  1386.6922
  1383.6065
  1424.5080
  1422.1080
  1364.7715
  1279.8183
  1026.5228
  1380.3656
  1415.7627
  1461.9525
  1392.6525
  1487.3596
  1217.9425
   992.1151
  1385.2034
  1344.1554
  1325.0928
  1351.5891
  1361.8749
  1236.5165
   987.1685
  1355.9891
  1374.9238
  1411.2005
  1409.1439
  1370.2100
  1153.5027
   976.4884
  1372.6813
  1353.7415
  1392.0100
  1379.6910
  1361.5929
  1169.9471
   945.1867
  1103.6319
  1421.6279
  1402.3995
  1503.9634
  1526.3352
  1235.6348
  1037.6640
  1341.9456
  1360.0601
  1415.8095
  1403.0524
  1424.2004
  1191.6246
   979.1587
  1304.9340
  1331.2519
  1191.3000
   882.0000
   761.7000
  1010.0000
  1031.0000
  1414.3402
  1440.6734
  1502.5915
  1503.7519
  1497.9600
  1262.4517
  1044.7691
  1474.5206
  1434.4535
  1408.8569
  1460.7182
  1462.9639
  1260.3210
  1062.9954
  1410.1677
  1474.7068
  1424.7922
  1396.9813
  1368.7111
  1075.0349
   997.5900
  1374.5302
  1444.1173
  1462.5026
  1392.9077
  1383.1153
  1256.4893
   986.6203
  1447.9102
  1408.8634
  1426.4155
  1417.2246
  1388.9022
  1247.9613
  1028.0654
  1428.1456
  1470.0166
  1474.1159
  1385.0821
  1477.0461
  1189.5578
   955.4274
  1004.3914
  1424.2594
  1393.8317
  1417.5716
  1416.1035
  1271.4328
  1005.6269
  1374.0560
  1418.2287
  1382.2659
  1405.6725
  1456.1046
  1261.3655
  1046.7334
  1401.7511
  1383.5751
  1386.4845
  1380.2059
  1423.4937
  1179.9227
   949.5515
  1022.3665
  1395.1513
  1387.6448
  1428.1763
  1344.4029
  1209.8343
   907.7297
   993.3599
  1356.8212
  1428.6689
  1348.4744
  1342.4844
  1170.6179
   966.0458
  1370.2525
  1363.4034
  1375.3658
  1371.6332
  1338.7410
  1116.4664
   884.3865
  1010.8650
  1325.6147
  1443.4009
  1456.6624
  1365.3974
  1195.5744
   974.3716
  1372.2389
  1370.2608
  1389.2329
  1363.0521
  1362.1677
  1183.1798
   909.1272
  1290.2000
  1014.5000
  1375.9670
  1405.8870
  1361.2892
  1218.6210
  1004.5975
  1475.2310
  1391.5295
  1448.1412
  1461.1837
  1322.8982
  1130.9020
   954.5110
  1339.8370
  1402.0235
  1406.5856
  1363.5034
  1367.4131
  1018.4812
   943.9692
  1354.2457
  1398.0300
  1451.2787
  1416.8604
  1367.0172
  1185.7138
   898.6580
  1014.0971
  1350.8840
  1367.5092
  1515.5776
  1443.0487
  1184.1848
   954.5846
  1371.9014
  1485.6824
  1395.4001
  1410.8071
  1358.9571
  1261.0993
   972.7914
  1389.9424
  1379.8095
  1385.8034
  1379.1877
  1400.4679
  1232.4031
   980.2955
  1428.7521
  1472.3667
  1414.4016
  1470.3789
  1446.8060
  1270.8653
  1012.5329
  1517.7913
  1457.0688
  1444.7729
  1408.9967
  1376.0143
  1262.7899
  1016.1721
  1408.3635
  1431.8361
  1428.5271
  1480.5601
  1442.2914
  1213.1368
  1080.2510
  1454.5931
  1430.0236
  1446.2043
  1423.9920
  1493.0107
  1229.2517
  1057.8318
  1467.2307
  1496.0127
  1551.3440
  1519.3805
  1508.6468
  1304.7244
  1056.4194
  1500.5723
  1523.8111
  1488.2827
  1500.7977
  1474.8775
  1313.8000
  1056.1000
  1191.6920
  1577.0451
  1642.0136
  1605.7731
  1533.8360
  1372.7571
  1175.2243
  1623.3576
  1623.6374
  1552.5758
  1599.5743
  1549.1136
  1312.7000
  1042.7000
  1145.9597
  1523.1531
  1526.4526
  1523.7308
  1532.7259
  1342.5848
  1148.9565
  1563.7585
  1598.9923
  1501.0009
  1545.2530
  1581.7431
  1360.4000
  1136.8000
  1293.5655
  1595.8401
  1602.5552
  1602.8532
  1573.3043
  1331.1055
  1091.3578
  1516.2767
  1559.2921
  1559.4205
  1717.6341
  1565.0429
  1344.7318
  1170.8105
  1510.6000
  1572.0000
  1576.9000
  1559.6000
  1548.4000
  1467.2000
  1095.0000
  1537.3000
  1524.4000
  1149.7000
  1597.0000
  1540.2000
  1370.2000
  1117.1000
  1559.5000
  1579.9000
  1547.1000
  1571.3000
  1511.8000
  1282.6000
  1066.9000
  1468.9616
  1455.1000
  1453.9000
  1462.2000
  1055.9938
   835.1508
   929.3264
  1282.7224
  1342.2232
  1281.0000
  1242.4446
   990.6144
   759.8048
   863.7030
  1179.2273
  1309.4397
  1234.8593
  1281.3584
  1274.6967
  1157.7902
   921.9926
   981.0363
  1319.1008
  1357.4551
  1360.9914
  1419.7204
  1187.0327
   985.5492
  1394.2872
  1364.0134
  1404.8543
  1418.1863
  1403.1223
  1179.0655
   994.0951
  1438.2209
  1449.1030
  1410.2144
  1423.9030
  1410.6197
  1314.1430
  1025.5886
  1486.3015
  1469.2716
  1457.5970
  1415.2806
  1423.4928
  1234.1681
  1044.7265
  1424.3072
  1502.5873
  1464.8038
  1483.9307
  1535.1784
  1257.5040
  1012.1791
  1392.1945
  1415.5557
  1487.2906
  1447.4080
  1383.9755
  1232.2059
  1083.2728
  1439.5647
  1450.4686
  1428.9608
  1399.0133
  1409.3840
  1280.0916
  1073.6513
  1510.8396
  1474.0415
  1429.2861
  1451.3042
  1438.1781
  1189.9758
  1091.1326
  1482.2636
  1484.5606
  1467.8096
  1441.7450
  1432.1593
  1266.7024
  1028.7385
  1430.1685
  1438.9322
  1536.4675
  1465.2109
  1490.0751
  1206.8730
  1015.7939
  1067.7552
  1282.3966
  1248.8580
   878.4932
   788.8069
  1052.1147
   968.8437
  1430.9388
  1502.8052
  1441.7411
  1479.8898
  1439.1599
  1267.4776
  1059.5471
  1415.9790
  1475.8062
  1500.0975
  1564.8352
  1546.0645
  1243.1846
  1091.1741
  1455.4677
  1504.6539
  1499.3211
  1451.3489
  1468.0895
  1249.1490
  1137.1040
  1466.9620
  1504.5655
  1504.3889
  1492.9468
  1557.1201
  1441.7169
  1121.2602
  1657.7842
  1469.7173
  1465.6397
  1470.0693
  1492.9683
  1226.0091
  1133.7229
  1591.8169
  1531.5378
  1582.5556
  1474.4247
  1439.8252
  1274.0814
   966.8962
  1115.4986
  1449.9508
  1479.4452
  1457.1205
  1522.2131
  1267.1019
  1203.5294
  1471.6827
  1572.2281
  1604.3185
  1497.1099
  1423.6719
  1367.3057
  1114.1233
  1584.8786
  1583.9476
  1531.9440
  1478.0570
  1489.5306
  1208.6150
   986.3490
  1116.3445
  1444.0620
  1458.8454
  1471.4997
  1456.3213
  1230.7665
   987.0997
  1100.0728
  1475.0873
  1560.5809
  1469.2309
  1462.6441
  1253.7999
   980.6693
  1405.8487
  1439.6008
  1442.5340
  1418.6946
  1409.6165
  1258.8449
   966.9216
  1444.3010
  1424.0981
  1417.2156
  1421.2439
  1461.9689
  1183.0785
  1026.4535
  1420.0639
  1422.3111
  1466.2325
  1413.8936
  1354.2000
  1170.5804
   948.2967
  1022.1873
  1452.3399
  1487.1000
  1389.0000
  1438.2000
  1215.6000
   985.8000
  1414.3000
  1474.0000
  1566.8000
  1516.5000
  1440.1000
  1226.6000
  1003.0000
  1418.8000
  1440.6000
  1105.6986
  1508.8000
  1431.5000
  1215.3000
  1048.0008
  1430.5489
  1428.7592
  1444.3831
  1491.7000
  1486.4062
  1194.3748
  1013.2276
  1432.8147
  1404.3971
  1444.2493
  1440.0102
  1418.1382
  1274.9245
  1013.8127
  1484.5528
  1465.0672
  1463.8292
  1472.0551
  1478.3601
  1271.0243
  1069.5623
  1109.7374
  1477.7221
  1448.4241
  1504.9437
  1441.5265
  1257.0907
  1027.9553
  1552.2854
  1569.7944
  1455.7841
  1470.0455
  1460.3325
  1332.3297
  1021.6003
  1476.4225
  1576.9309
  1477.1612
  1490.8447
  1451.6422
  1295.0719
  1076.6351
  1489.2321
  1544.4945
  1467.4565
  1490.3440
  1506.6408
  1273.5794
  1128.1933
  1481.1063
  1513.4080
  1553.7617
  1532.9293
  1553.7271
  1270.1637
  1074.2296
  1516.8683
  1519.5537
  1631.4951
  1543.7205
  1548.0678
  1288.4417
  1260.0200
  1534.4439
  1609.4017
  1552.5805
  1557.2583
  1572.7115
  1329.4000
  1137.2000
  1543.1895
  1557.1000
  1576.9000
  1562.8191
  1514.3000
  1332.6000
  1251.9000
  1738.2300
  1642.5000
  1608.8000
  1555.6000
  1563.6000
  1391.6748
  1078.9549
  1170.6403
  1564.2738
  1598.8000
  1662.8000
  1668.5000
  1424.6000
  1209.3000
  1722.6000
  1650.0000
  1638.5000
  1621.0000
  1614.8000
  1428.2000
  1231.2000
  1528.3000
  1608.6000
  1616.8000
  1604.1000
  1592.7000
  1392.9000
  1210.0000
  1234.5000
  1667.0000
  1691.5000
  1683.0000
  1622.0000
  1455.2000
  1224.3000
  1256.5000
  1630.4000
  1597.5000
  1606.8000
  1621.7000
  1415.3000
  1247.4000
  1736.1000
  1662.7000
  1700.8000
  1675.3000
  1634.0000
  1401.7000
  1164.4000
  1639.1000
  1597.9000
  1650.2000
  2171.2582
  1655.5710
  1438.0748
  1216.6000
  1646.0297
  1616.3000
  1652.1710
  1276.9000
  1561.4758
  1412.3000
  1160.0000
  1603.4957
  1644.7232
  1616.0283
  1693.0000
  1556.4000
  1330.1168
  1176.4000
  1594.2135
  1557.6732
  1523.7501
  1505.3961
  1368.4409
  1101.3273
   882.9759
  1383.9996
  1370.6939
  1361.1815
  1390.1286
  1253.5531
  1020.5478
   769.3606
  1216.0443
  1388.8938
  1342.4226
  1332.5752
  1412.1679
  1186.7969
   996.5393
  1047.5755
  1452.9272
  1424.8638
  1461.9546
  1412.9775
  1213.8833
  1044.0510
  1470.8119
  1459.8945
  1462.4392
  1496.2193
  1509.4686
  1227.0132
  1044.3231
  1474.7947
  1484.2011
  1485.4818
  1496.8662
  1486.7895
  1323.3356
  1058.2481
  1464.8729
  1502.2566
  1488.8076
  1483.1102
  1477.6022
  1343.7591
  1120.0799
  1499.2190
  1527.0730
  1543.4566
  1545.7531
  1479.1795
  1285.9199
  1219.6605
  1590.8880
  1499.9382
  1496.9077
  1487.9657
  1495.8350
  1270.9675
  1087.2557
  1491.1499
  1572.3882
  1479.9298
  1534.7919
  1492.4304
  1343.5679
  1097.9885
  1598.6658
  1476.5899
  1514.6016
  1601.7221
  1536.3614
  1294.5844
  1085.4333
  1515.3739
  1526.1379
  1562.2319
  1577.8635
  1507.4243
  1286.5068
  1133.2384
  1493.7905
  1579.7554
  1602.7172
  1557.2626
  1491.1380
  1412.6639
  1108.1206
  1156.7000
  1559.1755
  1565.1441
  1561.0942
  1588.4772
  1414.0100
  1174.4477
  1651.9971
  1526.7494
  1515.7552
  1552.3657
  1500.6666
  1306.2528
  1148.7508
  1597.7364
  1623.7688
  1687.3337
  1655.4199
  1509.9827
  1311.0622
  1150.6294
  1557.3444
  1484.7166
  1431.4000
  1068.1000
   929.2000
  1170.8936
  1074.1000
  1492.0418
  1666.6986
  1607.7814
  1623.2317
  1561.2380
  1378.3312
  1202.9054
  1558.1581
  1555.1895
  1661.1562
  1634.4767
  1578.1350
  1338.6164
  1190.0287
  1242.1000
  1387.7589
  1587.4832
  1682.6857
  1565.9796
  1443.3128
  1125.0431
  1585.8569
  1705.5709
  1622.1018
  1697.8643
  1576.9513
  1369.6391
  1056.6547
  1575.0652
  1635.0001
  1645.5427
  1556.3362
  1597.8900
  1473.7093
  1134.8168
  1507.5439
  1574.1316
  1608.1331
  1539.2496
  1549.9846
  1290.8642
  1079.9908
  1203.3000
  1556.8000
  1532.1600
  1672.8971
  1542.7567
  1395.7261
  1165.0980
  1599.0360
  1610.4415
  1576.6727
  1637.2249
  1538.5764
  1401.7341
  1183.2294
  1623.8425
  1564.1601
  1579.4813
  1568.3883
  1537.2865
  1301.0932
   994.5295
  1138.4000
  1530.0000
  1543.4417
  1539.5601
  1546.3089
  1293.3967
  1045.3333
  1159.0000
  1509.4000
  1503.9215
  1501.3000
  1484.3509
  1254.6116
  1020.2853
  1090.6000
  1497.7000
  1491.6914
  1542.6000
  1522.9221
  1295.8641
  1073.5331
  1517.8855
  1532.6307
  1530.6401
  1562.6328
  1569.0347
  1312.9119
  1077.2338
  1527.6784
  1528.9825
  1510.9917
  1182.4336
  1530.8570
  1343.0459
  1123.3286
  1529.5063
  1562.5690
  1526.4925
  1611.3039
  1554.8420
  1318.9896
  1088.4441
  1575.6643
  1541.8802
  1525.6967
  1520.3477
  1543.4615
  1319.9550
  1083.6180
  1169.4000
  1531.3000
  1547.8503
  1539.8658
  1557.1143
  1373.3590
  1145.7641
  1541.1724
  1573.8351
  1559.5019
  1593.6533
  1593.5549
  1369.5140
  1093.8041
  1140.6000
  1572.4000
  1564.8537
  1588.7383
  1670.9706
  1375.4260
  1132.2147
  1617.4704
  1586.4052
  1572.0442
  1593.8062
  1545.1446
  1370.1360
  1090.1296
  1588.2688
  1640.6634
  1589.2370
  1636.0395
  1595.4598
  1341.1079
  1150.7277
  1614.2264
  1634.5758
  1605.7879
  1636.2192
  1626.1607
  1382.4093
  1118.6849
  1603.2503
  1583.9351
  1623.8725
  1630.4731
  1635.6108
  1362.8689
  1190.8027
  1593.2960
  1612.8727
  1608.2516
  1651.1669
  1604.7329
  1414.2529
  1184.0959
  1651.8839
  1665.6264
  1667.8162
  1698.9775
  1638.4799
  1477.2775
  1239.6675
  1705.6989
  1668.7195
  1758.4215
  1751.3185
  1788.8939
  1503.1850
  1226.7484
  1325.5000
  1696.1000
  1757.6578
  1711.7807
  1692.7159
  1563.1000
  1323.4162
  1798.5352
  1713.7635
  1742.2126
  1783.7949
  1699.8171
  1479.9510
  1276.1972
  1737.4039
  1752.4000
  1759.7705
  1783.8578
  1779.1182
  1483.8980
  1243.6217
  1380.1000
  1737.8000
  1838.3323
  1847.3458
  1727.5402
  1491.8076
  1305.3387
  1396.4000
  1791.9000
  1768.8745
  1826.6278
  1725.7408
  1548.0505
  1278.3902
  1742.8619
  1865.1573
  1703.7495
  1727.2136
  1718.7110
  1500.3388
  1289.2517
  1724.2000
  1794.7000
  1688.3000
  1693.8000
  1817.9000
  1485.5000
  1359.9000
  1758.4000
  1843.3000
  1741.2000
  1734.4000
  1380.5000
  1480.9000
  1289.7000
  1748.6000
  1751.8000
  1759.8000
  1809.0000
  1739.4000
  1467.9000
  1255.4000
  1699.8000
  1704.6000
  1731.1561
  1581.8891
  1553.0962
  1308.4917
  1130.2000
   937.4040
  1479.3266
  1540.1508
  1468.0243
  1355.8717
  1172.7315
  1056.8601
   841.7679
  1330.2471
  1390.2442
  1400.8133
  1445.3341
  1299.4421
  1052.1353
  1130.2477
  1507.8364
  1499.6448
  1497.1746
  1520.3473
  1355.9230
  1173.6919
  1537.0220
  1575.6778
  1646.4307
  1584.9209
  1605.8588
  1377.5899
  1138.4969
  1589.5453
  1586.9886
  1605.3573
  1740.0029
  1649.4187
  1363.3290
  1138.2505
  1597.8704
  1594.7858
  1657.2805
  1583.4434
  1601.5476
  1347.6793
  1125.5614
  1567.5586
  1593.1752
  1600.5151
  1599.3064
  1659.3920
  1389.5153
  1188.2468
  1588.1514
  1660.7018
  1774.1990
  1749.1620
  1603.4347
  1375.2152
  1190.1712
  1703.0518
  1609.1526
  1615.5134
  1609.9983
  1588.0861
  1419.8820
  1193.8966
  1642.4000
  1650.0174
  1599.2025
  1591.7754
  1604.2480
  1391.2173
  1207.7826
  1628.1421
  1739.1501
  1687.1619
  1639.2515
  1684.8737
  1427.1137
  1207.8691
  1689.3189
  1653.3297
  1686.1901
  1724.4945
  1729.1740
  1436.8670
  1155.4424
  1269.9000
  1648.4846
  1696.5108
  1852.9639
  1704.8506
  1506.1576
  1266.7804
  1691.0580
  1696.6089
  1714.1235
  1684.9486
  1654.4252
  1395.9352
  1197.0826
  1643.4437
  1608.4157
  1473.6583
  1058.8618
   933.6717
  1222.0621
  1176.3089
  1625.0301
  1670.2680
  1702.8659
  1682.1340
  1692.7155
  1485.5776
  1202.2720
  1688.3353
  1730.8918
  1729.2195
  1780.3099
  1746.3419
  1502.5417
  1277.2748
  1672.8986
  1708.6067
  1678.0701
  1714.8402
  1643.0201
  1415.5077
  1244.1485
  1601.9502
  1247.4377
  1642.2809
  1661.6505
  1656.5284
  1417.5813
  1208.3589
  1700.1207
  1710.4000
  1680.6000
  1716.6844
  1640.7714
  1424.7738
  1127.4181
  1652.2000
  1651.9000
  1667.7000
  1642.6922
  1666.8554
  1433.5139
  1176.4265
  1345.0000
  1674.1000
  1721.7000
  1713.8355
  1727.1441
  1477.2038
  1297.0703
  1684.2000
  1740.1000
  1705.0000
  1700.6097
  1714.9810
  1541.4022
  1289.4521
  1641.9084
  1688.3372
  1692.3890
  1644.0800
  1633.0855
  1404.5351
  1170.2625
  1281.1521
  1630.6112
  1723.7422
  1660.3698
  1612.4432
  1369.6705
  1100.1170
  1210.7855
  1634.7578
  1650.3602
  1689.2743
  1686.7127
  1490.9273
  1167.4534
  1668.2722
  1684.2617
  1667.5458
  1666.3427
  1643.8206
  1366.4766
  1100.7570
  1172.6847
  1591.3115
  1578.9266
  1629.7404
  1582.2434
  1379.7974
  1160.2287
  1650.0944
  1656.4639
  1620.8969
  1636.4689
  1634.6197
  1431.0420
  1220.1171
  1632.9264
  1634.5755
  1658.3595
  1646.6123
  1273.3809
  1384.4080
  1200.3324
  1669.1141
  1632.0288
  1643.2316
  1658.9743
  1645.5905
  1447.0521
  1184.3371
  1616.3561
  1660.4229
  1639.0341
  1638.7181
  1618.0867
  1392.0027
  1175.8724
  1596.6282
  1333.1499
  1721.7647
  1640.7866
  1683.1181
  1415.7089
  1180.4158
  1662.0030
  1664.3138
  1679.4098
  1708.4504
  1650.7692
  1420.5485
  1140.9964
  1254.9225
  1717.0362
  1728.0844
  1713.3627
  1699.9493
  1460.9997
  1264.1133
  1714.8819
  1759.5571
  1699.0132
  1652.3145
  1663.0875
  1450.1012
  1247.2543
  1655.2760
  1703.7733
  1680.4493
  1683.1286
  1665.7803
  1446.9531
  1230.0431
  1679.0517
  1722.4318
  1692.0211
  1683.0292
  1720.7685
  1490.8787
  1268.2309
  1684.4012
  1735.9623
  1721.2692
  1739.9984
  1691.5899
  1509.3501
  1273.8372
  1794.9729
  1759.1857
  1784.5687
  1736.3058
  1704.1176
  1526.9956
  1286.1525
  1777.0568
  1755.7914
  1797.0741
  1756.7791
  1783.5071
  1527.8714
  1354.0265
  1836.7307
  1772.9599
  1821.5922
  1857.5830
  1781.1230
  1605.9513
  1368.5884
  1380.4313
  1760.8056
  1837.6860
  1952.9928
  1836.4979
  1610.1639
  1373.3908
  1793.4326
  1841.9371
  1802.7893
  1791.8260
  1800.5178
  1508.8990
  1394.2548
  1849.1646
  1829.0660
  1829.7815
  1872.2780
  1804.6076
  1628.3610
  1325.9666
  1442.1722
  1844.5176
  1917.1697
  1879.0000
  1903.8171
  1629.5866
  1308.9929
  1404.3388
  1861.7030
  1809.8086
  1876.6213
  1828.3949
  1584.7053
  1321.4270
  1792.1269
  1885.2094
  1873.7531
  1835.8956
  1864.4522
  1574.1025
  1323.5072
  1818.7844
  1874.0376
  1849.2201
  1840.6219
  1772.1903
  1576.7109
  1351.3189
  1799.7601
  1911.5556
  1785.4177
  1885.0227
  1832.7524
  1520.7753
  1451.9359
  1839.1579
  1872.9014
  1898.3934
  1935.8038
  1813.6131
  1594.5296
  1345.0445
  1832.6163
  1903.2405
  1867.2488
  1763.4996
  1724.3945
  1418.5355
  1218.8618
  1297.0051
  1027.8068
  1598.7438
  1570.2533
  1511.1703
  1295.0758
  1123.9490
  1146.9837
