y
 650.08741
 549.76214
 468.15501
 442.58832
 517.15805
 644.03408
 746.51266
 823.35762
 894.16259
 928.72022
 915.99497
 899.31445
 900.11874
 894.85021
 858.91332
 798.21590
 752.90525
 765.65694
 856.27525
1005.70490
1135.74964
1166.21663
1101.06577
 979.69412
 791.52022
 542.99352
 333.70112
 270.29469
 355.70963
 502.02744
 629.37073
 724.26115
 810.79948
 908.74534
 998.96299
1011.03392
 885.72482
 657.87931
 460.42718
 424.89683
 564.04195
 768.35452
 922.57320
1001.75068
1043.03323
1065.96550
1055.75005
 983.44200
 833.91000
 652.15778
 529.23194
 510.97168
 561.09324
 631.50062
 724.54710
 856.27860
 986.10703
1041.31782
1001.88320
 904.12440
 788.56339
 678.77163
 591.40658
 551.54578
 573.76663
 638.46584
 717.92412
 794.05407
 844.82992
 859.72492
 857.41467
 842.84825
 775.20200
 638.30125
 494.20748
 406.71504
 388.68098
 454.11685
 607.90632
 780.72155
 886.82972
 913.90022
 887.72112
 823.15201
 732.44638
 618.38461
 489.94237
 411.79820
 458.77602
 617.73661
 812.67062
 980.11245
1072.82928
1064.19329
 970.77260
 836.55040
 702.34543
 599.22605
 546.58552
 531.24143
 516.48591
 504.16198
 544.64730
 658.61372
 796.69478
 891.37818
 910.26093
 854.43609
 742.14898
 603.60957
 476.03514
 399.14865
 403.44586
 487.50306
 608.22599
 707.78776
 754.96607
 759.51597
 755.03159
 765.52066
 776.33812
 753.86164
 700.90278
 652.92990
 634.39828
 662.42939
 746.46699
 853.58932
 917.96192
 895.16263
 794.20857
 662.40192
 542.30641
 444.18514
 364.90804
 325.92229
 370.29745
 504.31596
 661.58959
 774.41595
 844.39147
 876.73535
 829.69823
 695.71568
 545.26472
 448.03635
 400.84973
 368.77733
 374.49817
 482.98275
 695.21721
 919.55229
1056.37708
1065.05122
 960.25738
 799.20399
 647.89544
 521.59365
 400.14928
 298.29669
 253.50328
 268.14484
 322.88666
 407.84347
 504.75496
 566.95047
 546.81259
 451.56687
 336.96043
 241.56006
 175.32982
 167.56825
 265.58291
 452.29642
 629.84228
 731.10425
 760.69715
 721.77445
 621.33117
 514.13901
 439.05286
 383.45758
 352.37527
 373.66016
 434.24188
 493.43029
 542.05581
 599.69600
 677.47603
 750.72996
 761.21819
 675.17403
 526.46963
 384.39804
 305.27622
 300.65484
 324.79405
 333.70484
 346.91078
 395.22080
 462.96042
 520.22368
 538.94233
 485.85702
 378.62323
 297.54266
 287.04395
 321.60998
 374.38107
 441.44429
 517.91719
 600.89354
 691.38789
 764.38041
 761.25494
 649.25435
 465.27078
 273.99515
 131.85481
  82.01416
 124.27669
 218.19976
 325.10073
 419.48031
 485.89174
 509.42593
 466.27463
 363.05626
 267.24039
 236.82629
 252.55247
 270.70423
 298.24911
 378.02394
 509.41813
 609.33337
 600.71553
 517.82332
 449.22428
 416.63692
 371.43425
 264.47409
 105.05567
 -25.59824
 -50.43876
  26.34776
 149.89013
 266.26578
 330.59879
 324.51063
 263.95395
 180.78403
 113.64125
  81.12294
  60.28738
  33.83900
  22.32493
  48.78957
 118.14278
 216.76607
 301.41057
 319.28332
 243.64773
  93.96792
 -52.34121
-124.47738
-139.06279
-144.75161
-134.11577
 -65.13512
  73.03621
 226.10488
 302.74159
 276.37849
 225.51473
 206.97255
